TimeStep simtime s1 s2 s3 p1 p2 p3 Px Py Pz
0 0.0 0.0 0.0 0.0 0.0 0.0 0.0 -17.6239800557732 -10.7071638827018 -13.624738012858
# Fix print output for fix pavg1
0 0 0 0 0 0 0 0 0 0 0
10000 0.2525 3.24188807721444e-05 -0.000100980000000027 -5.39102131718436e-05 -0.0016531562254138 -0.0248278264032604 -0.00295242311243584 -17.5648821909041 -10.8359591859912 -13.6831527508556
20000 0.7525 0.000133619033178273 -0.000300979999999973 4.29395849967395e-05 -0.000959453632798148 -0.0336092415391405 -0.00352046552980585 -17.5868654512079 -11.0000103442607 -13.6856769458264
30000 1.2525 0.000226594084859937 -0.000500980000000027 0.000108549691626041 -0.0013182733070422 -0.0456198570071503 -0.00354649371737297 -17.5932313049831 -11.045623482255 -13.692433084483
40000 1.7525 0.000314861862691945 -0.000700979999999971 0.000173673097606844 -0.00152675437371918 -0.0585516692509634 -0.00330969488183079 -17.5991968131777 -11.0438870851801 -13.6855411365173
50000 2.2525 0.000332329112436805 -0.000900980000000027 0.000360204674774392 -0.00153257357147559 -0.0647339235024154 -0.00229405197024808 -17.6181761238802 -11.0023941943049 -13.6972586677399
60000 2.7525 0.000521346279785362 -0.00110097999999997 0.000327955532755185 -0.00117002639338693 -0.0756021213053874 -0.00327636534696695 -17.6333865200881 -11.0977154661435 -13.6930158532828
70000 3.2525 0.000568134832159384 -0.00130098000000003 0.000463666241857428 -0.00113594435442996 -0.0855515081630114 -0.00366466351920982 -17.6405434756045 -11.1104385908344 -13.6964784373502
80000 3.7525 0.000639853791352647 -0.00150097999999997 0.000541345336815065 -0.00163004085054636 -0.0976169755758458 -0.00268487664770316 -17.6504156519183 -11.0557407196301 -13.6932576931724
90000 4.2525 0.000759611650346536 -0.00170098000000002 0.000615117008294267 -0.0012218291487165 -0.108888052890178 -0.00334850404375176 -17.6653228072877 -11.0408354721644 -13.7067181573652
100000 4.7525 0.000848814102487948 -0.00190097999999997 0.000695218526453994 -0.00138150930870103 -0.119766305576238 -0.00317435396452327 -17.6825229517939 -11.1665924420235 -13.7035416235523
110000 5.2525 0.000934054748057564 -0.00210098000000003 0.000774017259618442 -0.00126154234916877 -0.128851937479613 -0.00333263092346653 -17.6873574697634 -11.2037320434728 -13.695916378195
120000 5.7525 0.00102613572784531 -0.00230097999999997 0.000851841714092098 -0.000596028418897655 -0.145160524804715 -0.00347319460378316 -17.7047294461813 -11.2485931482139 -13.7090652220662
130000 6.2525 0.00108381878149073 -0.00250098000000003 0.000973174485436065 -0.00177401877227206 -0.156014754241824 -0.00271090141558212 -17.7089322467186 -11.2561849847828 -13.7087205213332
140000 6.7525 0.00118912560161317 -0.00270097999999997 0.00103843894362595 -0.00167624170498257 -0.168198830948741 -0.00305129859913427 -17.7319299186607 -11.2722934593468 -13.7062580026659
150000 7.2525 0.00129915871155419 -0.00290098000000003 0.00110218487087117 -0.001177706278693 -0.179040219952379 -0.00369741649037508 -17.7395513634727 -11.2801194716925 -13.7111563715986
160000 7.7525 0.0013420017921336 -0.00310097999999996 0.00122426359072326 -0.00141517169154833 -0.192921859360852 -0.00335247338184925 -17.7430845232365 -11.2778144299801 -13.7119691044239
170000 8.2525 0.00146183432158916 -0.00330098000000003 0.00128711062336495 -0.00135934181274927 -0.206628845377668 -0.00331182809187784 -17.7596937155059 -11.2364641277479 -13.7175559962662
180000 8.7525 0.00153242869546065 -0.00350097999999996 0.00139225205549548 -0.00102481614330882 -0.222909454548145 -0.00281021447752776 -17.7703219009818 -11.2110185227305 -13.7182172420737
190000 9.2525 0.0016176024811667 -0.00370098000000003 0.00148052533214133 -0.00132745710164797 -0.233324602261512 -0.00285616562825679 -17.7826235609445 -11.2051517321308 -13.7240607308581
200000 9.7525 0.00171708076626381 -0.00390097999999996 0.00153693432416816 -0.0015086607215899 -0.250055760239788 -0.00332469252855969 -17.7975534813325 -11.2426826781299 -13.7242759743806
210000 10.2525 0.00178049272995227 -0.00410098000000002 0.00167088725617931 -0.00171398455587645 -0.260095714068762 -0.0033873017362236 -17.8068526848983 -11.2448571145683 -13.7236078733739
220000 10.7525 0.001905121424888 -0.00430097999999996 0.00170877416482618 -0.000782290954825065 -0.275658341066982 -0.00325023857333081 -17.8218704449433 -11.2767583872946 -13.7286457970743
230000 11.2525 0.00195623708534857 -0.00450098000000002 0.0018328876523366 -0.00111461682310354 -0.289569417789234 -0.00342923364785285 -17.8339838507688 -11.2764478053934 -13.7348563383804
240000 11.7525 0.00205026701839521 -0.00470097999999996 0.00191303512412551 -0.00133934409013235 -0.303414170794923 -0.00310346236263274 -17.8428314424116 -11.2782488201956 -13.7305861629587
250000 12.2525 0.0021569907643955 -0.00490098000000002 0.00198547536958556 -0.00167623579847815 -0.316104007354397 -0.00289636792518123 -17.8509328120768 -11.3198239753984 -13.7414889788447
260000 12.7525 0.00221537934943076 -0.00510097999999996 0.0021054248735155 -0.00162940010838721 -0.329842553904818 -0.00366762229434391 -17.8758097813519 -11.2854611116932 -13.7363967045026
270000 13.2525 0.00231858628498402 -0.00530098000000002 0.00216676446390924 -0.00102997086098713 -0.345152201225917 -0.00291305002678945 -17.868420377173 -11.3176765680517 -13.7399773425376
280000 13.7525 0.00241539524011483 -0.00550097999999996 0.00225287726656371 -0.00107867811028263 -0.364309923081626 -0.00315511023883459 -17.8941268903462 -11.4593922991029 -13.7487528291888
290000 14.2525 0.00250751348039031 -0.00570098000000002 0.00232897357430373 -0.00226450157190501 -0.382091141213592 -0.00320344003341647 -17.9052188518929 -11.5852648571677 -13.7439740268887
300000 14.7525 0.00259739863001798 -0.00590097999999996 0.00241769170413301 -0.000810174459713591 -0.398359730569445 -0.00273029420898891 -17.9166634701798 -11.5776283504162 -13.7485480944572
310000 15.2525 0.00267303025330233 -0.00610098000000002 0.00251675064586213 -0.00118939862304327 -0.411696945246111 -0.00349873742775029 -17.9324101027434 -11.6109230927188 -13.746139806639
320000 15.7525 0.00276913024230015 -0.00630097999999996 0.00260096693292996 -0.0013175161826261 -0.43189172388438 -0.00335120606767686 -17.939609309751 -11.3933974685147 -13.7560937634853
330000 16.2525 0.00284121696616317 -0.00650098000000001 0.00269703722074298 -0.00109985625421702 -0.454546051855206 -0.00368566717382169 -17.949885357868 -11.2759568078062 -13.7509757583013
340000 16.7525 0.00289455162073383 -0.00670097999999997 0.00282187482264594 -0.00133766779099485 -0.468577899412637 -0.00265840064409793 -17.9593737461144 -11.2857432248843 -13.7627550744005
350000 17.2525 0.00300108288680698 -0.00690098000000002 0.00288808897999702 -0.00117985628585375 -0.484317829755887 -0.00293388161662397 -17.9690419080676 -11.3106609382271 -13.7581230533753
360000 17.7525 0.00307428864664476 -0.00710097999999997 0.00299327404532578 -0.00217780780531058 -0.496758736968338 -0.00304935875941231 -17.9816779070985 -11.2939114026854 -13.763139379512
370000 18.2525 0.00319948869612924 -0.00730098000000002 0.00306237475255388 -0.000664411487375922 -0.512766083242316 -0.00376529275838648 -18.006058290166 -11.3238991995303 -13.7642051232006
380000 18.7525 0.00324033582161217 -0.00750097999999997 0.00317955911526125 -0.00145880537998104 -0.527416392502941 -0.00318620403946891 -18.0036343094441 -11.3337900787548 -13.7710226284094
390000 19.2525 0.00333269692976122 -0.00770098000000002 0.00327656398388899 -0.00109862627527878 -0.542570521023745 -0.00315394404102988 -18.0168850551468 -11.3379116114609 -13.7657905927239
400000 19.7525 0.00343981744478527 -0.00790097999999997 0.00335530709166988 -0.00130938813301956 -0.554860337432729 -0.00304840408850342 -18.0323812176354 -11.3166702182844 -13.7749485795318
410000 20.2525 0.0035164072823629 -0.00810098000000001 0.00345213549016781 -0.00171714485453955 -0.574127092994768 -0.00308033567261067 -18.043468663357 -11.3942595026132 -13.7781847705623
420000 20.7525 0.00359112656793232 -0.00830097999999997 0.00356093192508891 -0.00134256920452536 -0.588619793445838 -0.00314570206278817 -18.0520932103577 -11.3627370482787 -13.7755562736304
430000 21.2525 0.00370332406910042 -0.00850098000000001 0.00361644635507825 -0.00114144987090146 -0.598419530817022 -0.00359589630037548 -18.070044556828 -11.3425058894801 -13.7801802999009
440000 21.7525 0.00376358291235035 -0.00870097999999996 0.00376509690238318 -0.000808615172642994 -0.62598629582025 -0.00309825110505074 -18.0670575823529 -10.9231138044781 -13.7846191160238
450000 22.2525 0.00379030103273179 -0.00890098 0.00388599792915976 -0.00241465696253172 -0.657640150186319 -0.00302011528779719 -18.0713149627606 -10.4127676681466 -13.7867699759993
460000 22.7525 0.00388246787001557 -0.00910097999999996 0.00396833090354476 -0.000869480991273246 -0.678396151931019 -0.00319755870486381 -18.0754479505145 -10.3278546095503 -13.7835214538227
470000 23.2525 0.00398456939479354 -0.00930098 0.00405691395036824 -0.000895424015991056 -0.692565819148493 -0.00326076523348514 -18.0884044572828 -10.2841110650924 -13.788947460841
480000 23.7525 0.00405244851243723 -0.00950097999999995 0.00416740323775485 -0.00168159886506022 -0.711299182289113 -0.00331115622373889 -18.0975216730102 -10.0248856739783 -13.7930824847986
490000 24.2525 0.00414785400365832 -0.00970098 0.00425916958152931 -0.0012374503931585 -0.728041498502985 -0.00317779258721222 -18.116497105798 -9.88782503165286 -13.79045463708
500000 24.7525 0.0042228779290532 -0.00990097999999996 0.00434659758910303 -0.00130951767296032 -0.749782330261983 -0.00326442865371598 -18.1306588151483 -9.78114951048411 -13.7911370556417
510000 25.2525 0.00431289386333073 -0.01010098 0.00443923902041684 -0.00152491368238157 -0.774931751627196 -0.00311028191155759 -18.1337519334424 -9.67378646997758 -13.7994463874173
520000 25.7525 0.00437844113669996 -0.01030098 0.00457425369217895 -0.00136651456556495 -0.788499579582255 -0.00273379090598153 -18.1522770064742 -9.46568325678691 -13.8011056113016
530000 26.2525 0.00450782070371865 -0.01050098 0.00460898841178617 -0.00102268625430366 -0.809094304125918 -0.00383854213827713 -18.1607815808249 -9.28954234941319 -13.8011393255495
540000 26.7525 0.00456289147912508 -0.01070098 0.00472732116903284 -0.00130961434929485 -0.843160457137637 -0.00311240622145542 -18.1636304861122 -8.45149425559634 -13.8165119764359
550000 27.2525 0.00465382763426522 -0.01090098 0.00478781551720724 -0.00176495730117726 -0.898896646503974 -0.00293290634783763 -18.1711595954297 -7.51516213448757 -13.8098868153378
560000 27.7525 0.00474939440334685 -0.01110098 0.00487837572870053 -0.000769035797714802 -0.932648105356285 -0.00334516624329379 -18.1783110162478 -6.82105398223278 -13.8118353167254
570000 28.2525 0.00484465437911373 -0.01130098 0.00492634309189061 -0.00172240973487654 -0.968773702130709 -0.00310772431791354 -18.1745808251345 -5.96985212846751 -13.813102094644
580000 28.7525 0.00486613206804212 -0.01150098 0.0050485688404427 -0.00172016507490379 -1.0501976272404 -0.00326336018795631 -18.1556337017106 -4.93184312050341 -13.7979661956168
590000 29.2525 0.00502295427243701 -0.01170098 0.00509245407274975 -0.000814898246473148 -1.05908775612629 -0.00294190806838563 -18.1842127490367 -5.09242964882563 -13.8089696731101
600000 29.7525 0.00506973374474663 -0.01190098 0.00523479522344203 -0.00178736167659197 -1.07722401424899 -0.00316419052513959 -18.181020707169 -5.21210140294345 -13.8145578881496
610000 30.2525 0.00519694462045674 -0.01210098 0.00528949641580583 -0.000625079216048216 -1.08577118707156 -0.00341108507454043 -18.2074248955434 -5.4193356341316 -13.8071240591316
620000 30.7525 0.00523618032842679 -0.01230098 0.00542100071602761 -0.00170605636297831 -1.11297940845477 -0.00321902331157169 -18.201407856276 -5.4948000036877 -13.813946672989
630000 31.2525 0.00538058748964187 -0.01250098 0.00548979371089984 -0.00109977472410539 -1.12325525133669 -0.0033838496543676 -18.2260929648388 -5.67546584282293 -13.8219719028827
640000 31.7525 0.00545536681775804 -0.01270098 0.00560429920564274 -0.00143968782356962 -1.13640745217681 -0.0026813044694322 -18.2387330520121 -5.85121222719904 -13.8151776896369
650000 32.2525 0.00553386221027849 -0.01290098 0.00569611770656127 -0.00186334067821032 -1.15177357557095 -0.00356731647716006 -18.2467900856203 -6.02319970441557 -13.8235460426342
660000 32.7525 0.00563632914607552 -0.01310098 0.00580409251429499 -0.000656876297329201 -1.16563464562689 -0.00306336692929837 -18.2688826447287 -6.19905497788006 -13.8282353002035
670000 33.2525 0.00575311470645866 -0.01330098 0.00586719672710048 -0.00172852662782506 -1.1853537720677 -0.00335467816163233 -18.2809741473331 -6.33966239003548 -13.8243787212694
680000 33.7525 0.00582736083138443 -0.01350098 0.0060014807489303 -0.00111124292550339 -1.1957114100733 -0.00285641848153504 -18.286723287729 -6.55548056585956 -13.8308834714775
690000 34.2525 0.00592077089964763 -0.01370098 0.00607421814734027 -0.00170051560323957 -1.21215628131961 -0.00309891650007588 -18.3028596927301 -6.74077543627165 -13.8320055598202
700000 34.7525 0.00602785920169484 -0.01390098 0.00618130332260293 -0.00104915527570252 -1.22578135599783 -0.00323602144389739 -18.3209732714651 -6.93263812030902 -13.8344672541531
710000 35.2525 0.00611201106611977 -0.01410098 0.00627728664771361 -0.0015063117428093 -1.24859329750268 -0.00377400616254128 -18.326537047456 -7.0754741527072 -13.8381125707793
720000 35.7525 0.00621346675177736 -0.01430098 0.00637478365786946 -0.000835648820101782 -1.25776152628747 -0.00300942164963386 -18.3362517642625 -7.33258741724002 -13.8446673997121
730000 36.2525 0.00630552796029772 -0.01450098 0.00647062762161327 -0.00122243998475821 -1.27755639465226 -0.00316042504694583 -18.3578395496916 -7.5052113437629 -13.8405074083351
740000 36.7525 0.00638836293463098 -0.01470098 0.00658650311150864 -0.0020094457426632 -1.28091658869873 -0.00322263000904757 -18.3658878688033 -7.8435944903777 -13.8481407578139
750000 37.2525 0.00650349167138226 -0.01490098 0.00666848110848792 -0.00103427292224389 -1.31358779342426 -0.00278852602389111 -18.3844041027086 -7.89888298209928 -13.8494213747001
760000 37.7525 0.00659580495875768 -0.01510098 0.00676086402836364 -0.00116694962070767 -1.31627944328247 -0.00365970407295898 -18.3913981488986 -8.28706777758215 -13.8529618527907
770000 38.2525 0.00667529970344579 -0.01530098 0.00687781118051486 -0.00133166968196256 -1.33996458411681 -0.00302068903093785 -18.4035393822896 -8.44748741793959 -13.8573062416515
780000 38.7525 0.00679507058149362 -0.01550098 0.00696172752625138 -0.00152648931861503 -1.33871353183966 -0.00342242546620748 -18.4194998176027 -8.93797090476006 -13.8521438637691
790000 39.2525 0.00685796441073447 -0.01570098 0.00708627400048256 -0.00128921024273333 -1.38250939055052 -0.00280902433459868 -18.4245628358187 -8.87814764887834 -13.8621197591595
800000 39.7525 0.00700882325307508 -0.01590098 0.00714080273835727 -0.00094112568312002 -1.37302069760508 -0.0033387182904478 -18.4472483492129 -9.58354506107009 -13.8712586069353
810000 40.2525 0.00703041839899095 -0.01610098 0.00730748331467644 -0.00152382028731685 -1.39757149436548 -0.00339924012974536 -18.4483168118024 -9.76929804812784 -13.8595120492838
820000 40.7525 0.00717034366064883 -0.01630098 0.00736446286736365 -0.00157076185690699 -1.41159162837459 -0.00278122923244537 -18.4664669398213 -10.3060672286906 -13.86925312611
830000 41.2525 0.0072760007969675 -0.01650098 0.00745962251696339 -0.00166638186552164 -1.42143807861106 -0.00360160484138799 -18.4790052910943 -11.0789203640102 -13.8750756135223
840000 41.7525 0.00733158757272449 -0.01670098 0.00758915001831442 -0.000821943246111727 -1.46708886424849 -0.00284572182833772 -18.4826115471946 -10.6902734244353 -13.8765336160149
850000 42.2525 0.007443298864591 -0.01690098 0.00766740430295415 -0.0011034809395291 -1.47998676996257 -0.0034147888104391 -18.490186995474 -11.4903922651872 -13.8730826319561
860000 42.7525 0.00754071913764956 -0.01710098 0.00776556562805094 -0.00157962430146342 -1.50087367950668 -0.00332236406637381 -18.5027284563068 -12.9895037773225 -13.8765328773341
870000 43.2525 0.00763627502843537 -0.01730098 0.00785481524611377 -0.00124942674912691 -1.53604672074264 -0.0030007744115355 -18.5091414179602 -12.4332602758989 -13.880489843371
880000 43.7525 0.00770720793335678 -0.01750098 0.00795725976111513 -0.00126127752012232 -1.58649897484535 -0.00316335134088603 -18.5122135783535 -11.8389974441271 -13.8815840308406
890000 44.2525 0.00779577940116907 -0.01770098 0.0080618382816861 -0.00154484311584814 -1.61111943840411 -0.00311433313924673 -18.5194445850726 -12.7466716652577 -13.8821067287293
900000 44.7525 0.00792095682407394 -0.01790098 0.0081087917045294 -0.00127084228004208 -1.6517979245794 -0.00342542378972571 -18.5295888482211 -12.5532268625994 -13.8842683626025
910000 45.2525 0.00797692903076943 -0.01810098 0.00824820144796964 -0.00169731386833581 -1.69062141061738 -0.00279471045045323 -18.5366249197782 -12.8514478070752 -13.8906353299241
920000 45.7525 0.00808117949614525 -0.01830098 0.00831781051899852 -0.00121440402731752 -1.72978028927171 -0.00348821622925534 -18.5357941140083 -12.6796094483311 -13.8878800373575
930000 46.2525 0.00816375620899004 -0.01850098 0.0084252059290328 -0.000723940405829757 -1.77217948825246 -0.00322797656384804 -18.5486290214617 -12.3985278729714 -13.8911550864799
940000 46.7525 0.00827105688541658 -0.01870098 0.00849365299693256 -0.00159371681589623 -1.80807915166282 -0.00357734546971266 -18.5548802750325 -12.9641915755659 -13.8923872807307
950000 47.2525 0.00833666093688539 -0.01890098 0.00861354307070021 -0.00186061633937457 -1.84901371474747 -0.00265298827430329 -18.5595532531628 -12.7800493672317 -13.8970267647421
960000 47.7525 0.00844262234104028 -0.01910098 0.00870656517721308 -0.000931090272035539 -1.88667057148259 -0.00281248370261053 -18.5615924523521 -12.8517521720619 -13.8955950906944
970000 48.2525 0.00852996760083127 -0.01930098 0.00878123449921331 -0.00141885554227667 -1.92987583665463 -0.00372584742500237 -18.5756714712769 -12.7141067353561 -13.898800524343
980000 48.7525 0.00861289460165893 -0.01950098 0.00889573735842574 -0.00131634967852519 -1.96882466017044 -0.00323581418941766 -18.5744879058558 -12.8004242267908 -13.9019253885199
990000 49.2525 0.00870237223106573 -0.01970098 0.00898228850232041 -0.00120144652714856 -2.00874189750229 -0.00308616989407699 -18.5832364795323 -12.9374534626501 -13.9009179779856
1000000 49.7525 0.00879379425608093 -0.01990098 0.00908429680622568 -0.00137927293192809 -2.04874866670081 -0.00339494926525755 -18.5944826541076 -12.7745880644037 -13.9094584891941
