TimeStep PE_total KE_total ETOT
# Fix print output for fix energy_init
0 -231098.589417314 7.8587111272155 -231090.730706187
# Fix print output for fix energy_out
0 -231098.589417314 7.8587111272155 -231090.730706187
1000 -231098.696053496 7.90754012200644 -231090.788513374
2000 -231098.386220896 7.91331702659622 -231090.472903869
3000 -231098.60927312 7.93125303699491 -231090.678020083
4000 -231098.68710707 7.94084138614885 -231090.746265684
5000 -231098.370518465 7.97550553626949 -231090.395012929
6000 -231098.932334992 7.94794200867896 -231090.984392983
7000 -231099.04087843 7.90750708083195 -231091.133371349
8000 -231098.572669522 7.926661906683 -231090.646007615
9000 -231099.099573973 7.90649210680416 -231091.193081866
10000 -231099.049381579 7.95922366744334 -231091.090157912
11000 -231098.752980349 7.92295893163897 -231090.830021417
12000 -231098.662321231 8.0108589824777 -231090.651462249
13000 -231098.756659827 7.8784350868721 -231090.87822474
14000 -231099.015706419 7.90957097323073 -231091.106135446
15000 -231098.879970101 7.98969832653922 -231090.890271774
16000 -231099.046649899 7.95140927512182 -231091.095240624
17000 -231099.28072158 8.07729463689224 -231091.203426943
18000 -231098.97584994 8.01657034680827 -231090.959279593
19000 -231099.0191994 7.90816959025442 -231091.11102981
20000 -231099.095030634 8.02129682146629 -231091.073733813
21000 -231098.795462869 7.84914804392137 -231090.946314825
22000 -231099.328426297 7.85580242798945 -231091.472623869
23000 -231099.431226001 7.99468674392709 -231091.436539257
24000 -231099.338742446 7.99754881199728 -231091.341193634
25000 -231099.343142721 7.90012051622258 -231091.443022205
26000 -231099.482246922 8.00513807455805 -231091.477108847
27000 -231099.231361188 7.90489930259825 -231091.326461885
28000 -231099.264830237 7.99092026747891 -231091.27390997
29000 -231099.349777784 7.95661733758379 -231091.393160446
30000 -231099.416890007 7.90485251692226 -231091.51203749
31000 -231099.508284535 7.99759799620024 -231091.510686539
32000 -231099.684112836 7.94928987791194 -231091.734822958
33000 -231099.620810405 7.95817096285732 -231091.662639442
34000 -231099.644611612 7.95000364994622 -231091.694607962
35000 -231099.260635318 7.89643474532282 -231091.364200573
36000 -231099.483761452 7.94033182373276 -231091.543429628
37000 -231099.441726867 7.9494557219209 -231091.492271145
38000 -231099.411777797 7.88301186311017 -231091.528765934
39000 -231099.953226639 8.05722070386876 -231091.896005935
40000 -231100.194008556 8.01053800061567 -231092.183470555
41000 -231099.902544803 7.89934797563305 -231092.003196827
42000 -231099.748693058 7.86076318220816 -231091.887929876
43000 -231099.894612854 7.85325907886425 -231092.041353775
44000 -231099.849744615 7.94858763174467 -231091.901156983
45000 -231100.028982931 7.92501543434414 -231092.103967497
46000 -231100.036221966 7.9400833296035 -231092.096138636
47000 -231100.20884666 7.93563994950847 -231092.27320671
48000 -231100.141276534 7.93337676882776 -231092.207899765
49000 -231100.019034607 7.90247201923832 -231092.116562588
50000 -231099.984985093 7.94042304059167 -231092.044562052
51000 -231099.91559132 7.96588144642892 -231091.949709874
52000 -231099.882055421 7.95260265893141 -231091.929452762
53000 -231099.923385568 7.98915840038159 -231091.934227168
54000 -231099.933078616 7.98015322162466 -231091.952925394
55000 -231100.117040653 7.95494858864455 -231092.162092064
56000 -231100.374495101 7.95889338911062 -231092.415601712
57000 -231100.222434333 7.83198372016205 -231092.390450613
58000 -231100.188955382 7.99167531213327 -231092.19728007
59000 -231100.183656598 7.93202845429259 -231092.251628144
60000 -231100.335580559 7.95699279199005 -231092.378587767
61000 -231100.306169844 7.98495774791699 -231092.321212096
62000 -231100.193440996 7.88274895682991 -231092.310692039
63000 -231100.363362502 7.96792080841534 -231092.395441694
64000 -231100.636335828 7.93602147740618 -231092.700314351
65000 -231100.480218642 7.91936840043099 -231092.560850242
66000 -231100.62718934 7.9649845522678 -231092.662204788
67000 -231100.876597953 8.02500628316108 -231092.85159167
68000 -231100.565778801 7.86851654361359 -231092.697262257
69000 -231100.788782225 7.9710820522682 -231092.817700173
70000 -231100.49791653 7.90092776348381 -231092.596988767
71000 -231100.749783441 7.95681590791483 -231092.792967533
72000 -231100.962733024 8.08691037283752 -231092.875822651
73000 -231100.497268079 7.91519170722717 -231092.582076372
74000 -231100.441066431 7.99665165841963 -231092.444414773
75000 -231100.507910312 7.9693795222346 -231092.53853079
76000 -231100.447080042 7.85076465865749 -231092.596315383
77000 -231100.771887801 7.97436601077218 -231092.79752179
78000 -231100.8594128 7.88104785346614 -231092.978364947
79000 -231100.992404776 8.00204593674123 -231092.990358839
80000 -231100.887397693 7.91251765737036 -231092.974880036
81000 -231100.731803215 7.87931924251281 -231092.852483972
82000 -231100.957808149 7.92204401492163 -231093.035764134
83000 -231100.934377894 7.99592488304446 -231092.938453011
84000 -231100.708984913 7.88396970851043 -231092.825015204
85000 -231101.121677982 7.9460588602019 -231093.175619122
86000 -231101.283382543 8.00259561629611 -231093.280786927
87000 -231101.202521012 7.96744724417738 -231093.235073768
88000 -231101.063933822 7.94547013803206 -231093.118463684
89000 -231101.319136789 8.00339561014038 -231093.315741179
90000 -231101.254871812 7.9166854623654 -231093.33818635
91000 -231101.08715066 7.92942638170241 -231093.157724278
92000 -231100.974397318 7.90232355644876 -231093.072073762
93000 -231101.261192525 7.99639727404634 -231093.264795251
94000 -231101.189232307 7.93499472884959 -231093.254237578
95000 -231101.270210893 8.03223754372521 -231093.237973349
96000 -231101.049339094 7.91116613350508 -231093.13817296
97000 -231101.099759603 7.96095532814221 -231093.138804275
98000 -231101.183664433 8.00651701106187 -231093.177147422
99000 -231101.194294997 8.01708330653476 -231093.17721169
100000 -231101.275936906 8.01643595779562 -231093.259500948
101000 -231101.36468906 7.89456485276485 -231093.470124207
102000 -231101.342294529 7.95479277778606 -231093.387501751
103000 -231101.363447402 7.85428843253055 -231093.509158969
104000 -231101.540244236 7.90930405604792 -231093.63094018
105000 -231101.526641205 7.99078545953718 -231093.535855745
106000 -231101.696865229 8.02325879300223 -231093.673606436
107000 -231101.54989635 7.92647241721991 -231093.623423933
108000 -231101.479195557 7.93021613458414 -231093.548979422
109000 -231101.571936946 7.96786286755659 -231093.604074078
110000 -231101.527711951 7.89927235040427 -231093.628439601
111000 -231101.600326292 7.94401810054158 -231093.656308191
112000 -231101.622548991 7.94057861361717 -231093.681970377
113000 -231101.525027837 7.88209365988484 -231093.642934177
114000 -231101.614936541 7.9648614347567 -231093.650075106
115000 -231101.701779154 8.00040078568247 -231093.701378368
116000 -231101.429976344 7.89580161850893 -231093.534174725
117000 -231101.608951081 7.90603554542336 -231093.702915536
118000 -231101.572204858 7.95903872036377 -231093.613166138
119000 -231101.465950582 7.95009823003702 -231093.515852352
120000 -231101.639889473 7.93932327363429 -231093.700566199
121000 -231101.731044396 7.92105251997623 -231093.809991876
122000 -231101.778186575 7.96194592902925 -231093.816240646
123000 -231101.825346738 7.97323344730179 -231093.852113291
124000 -231101.781041916 7.89619351070153 -231093.884848405
125000 -231101.832639847 7.9344301223562 -231093.898209725
126000 -231101.884982995 7.9792491464581 -231093.905733849
127000 -231101.80810434 7.96608618821387 -231093.842018152
128000 -231101.783677778 7.98087494626218 -231093.802802832
129000 -231101.947535862 7.87871787483272 -231094.068817987
130000 -231101.968104007 7.90520305137537 -231094.062900956
131000 -231101.915759264 7.9516106561299 -231093.964148608
132000 -231101.994795191 7.97963032356465 -231094.015164867
133000 -231102.033149214 8.02842481500904 -231094.004724399
134000 -231101.941922106 7.89963269240637 -231094.042289414
135000 -231102.142832041 8.01018768206943 -231094.132644359
136000 -231101.98814095 7.86790238500136 -231094.120238565
137000 -231101.912473875 7.93194751600302 -231093.980526359
138000 -231101.925720829 7.98396855194516 -231093.941752277
139000 -231101.946748984 8.06320751047633 -231093.883541474
140000 -231101.796482565 7.9144423443815 -231093.882040221
141000 -231101.975323243 7.97076315830017 -231094.004560085
142000 -231101.860431827 7.86363532954089 -231093.996796497
143000 -231102.112199027 7.97281487084413 -231094.139384156
144000 -231102.123695866 7.93672217236642 -231094.186973694
145000 -231102.058173008 7.91139732825264 -231094.14677568
146000 -231102.058275195 7.97414076108619 -231094.084134434
147000 -231101.96012715 7.86975763497019 -231094.090369515
148000 -231102.184622999 8.00409001797601 -231094.180532981
149000 -231102.332989376 7.96523794228827 -231094.367751434
150000 -231102.190693112 7.98290616075375 -231094.207786951
151000 -231102.201585228 7.89963904434793 -231094.301946184
152000 -231102.185789809 7.93095632582062 -231094.254833483
153000 -231102.04724241 7.93606464838828 -231094.111177762
154000 -231102.073354002 7.94560257809702 -231094.127751424
155000 -231101.964154509 7.89868077850389 -231094.065473731
156000 -231102.198572008 7.93019198081557 -231094.268380027
157000 -231102.293487129 7.98163810917867 -231094.31184902
158000 -231102.077376047 7.93188853642515 -231094.145487511
159000 -231102.144011111 7.96953924968732 -231094.174471861
160000 -231102.050895816 7.96631626524369 -231094.084579551
161000 -231102.146122839 7.99126872192038 -231094.154854117
162000 -231102.154792491 8.01530310249486 -231094.139489389
163000 -231102.211960026 7.89376064181426 -231094.318199384
164000 -231102.42812754 7.99778251682208 -231094.430345023
165000 -231102.300639882 7.95027598085974 -231094.350363901
166000 -231102.26742957 8.02187008522356 -231094.245559485
167000 -231102.245447646 7.9564580416361 -231094.288989604
168000 -231102.366869262 8.00857451502963 -231094.358294747
169000 -231102.292075441 7.93227308192025 -231094.359802359
170000 -231102.336865503 7.93863568017856 -231094.398229823
171000 -231102.322625426 7.94130219892332 -231094.381323227
172000 -231102.400599434 7.99987705851352 -231094.400722375
173000 -231102.288396699 8.01461619536505 -231094.273780504
174000 -231102.300029534 7.99523243860629 -231094.304797095
175000 -231102.268333389 7.94920438882366 -231094.319129
176000 -231102.546440181 7.96447450358783 -231094.581965677
177000 -231102.293315779 7.81358286485411 -231094.479732914
178000 -231102.434218074 7.97054504043568 -231094.463673034
179000 -231102.216843379 7.99642325206613 -231094.220420127
180000 -231102.219453537 7.90359387901363 -231094.315859658
181000 -231102.235688401 7.91614783722181 -231094.319540564
182000 -231102.2155781 7.8638657803093 -231094.35171232
183000 -231102.340864162 7.90849202413192 -231094.432372138
184000 -231102.421048878 8.01166631171228 -231094.409382566
185000 -231102.333771779 7.99413016705148 -231094.339641612
186000 -231102.282722013 7.94146262237541 -231094.341259391
187000 -231102.276723729 8.00842693572097 -231094.268296793
188000 -231102.437375225 7.99222665465144 -231094.44514857
189000 -231102.262427714 7.95752895928077 -231094.304898755
190000 -231102.495823456 7.90925470780063 -231094.586568748
191000 -231102.385302488 7.87086880015145 -231094.514433688
192000 -231102.383989186 7.93814162632024 -231094.44584756
193000 -231102.43679213 7.9481518232486 -231094.488640307
194000 -231102.307066924 7.96140876130864 -231094.345658163
195000 -231102.305616626 8.01026439047377 -231094.295352236
196000 -231102.304659058 7.9620063064533 -231094.342652752
197000 -231102.272941918 7.9453366579064 -231094.32760526
198000 -231102.271130152 7.95138126029455 -231094.319748892
199000 -231102.294255943 7.97025244106715 -231094.324003502
200000 -231102.228625031 7.96099598464972 -231094.267629046
201000 -231102.308971033 7.99590830040846 -231094.313062733
202000 -231102.223811922 7.91464541036209 -231094.309166512
203000 -231102.355760126 7.96757584895699 -231094.388184277
204000 -231102.267059528 7.88024815476458 -231094.386811373
205000 -231102.381514619 7.99227249409393 -231094.389242125
206000 -231102.322676551 7.90007441908077 -231094.422602132
207000 -231102.323832314 7.93972788070511 -231094.384104433
208000 -231102.393610873 7.97759754218669 -231094.416013331
209000 -231102.421834268 7.98262933031312 -231094.439204938
210000 -231102.438345296 8.02577453095045 -231094.412570765
211000 -231102.312327527 7.90240173877481 -231094.409925788
212000 -231102.335521942 7.97935203219881 -231094.35616991
213000 -231102.390074714 8.02500087524567 -231094.365073839
214000 -231102.120456778 7.83737467832595 -231094.2830821
215000 -231102.277297046 8.00904874477561 -231094.268248301
216000 -231102.137652338 7.89884931676843 -231094.238803021
217000 -231102.243391694 7.92598398690521 -231094.317407707
218000 -231102.205308944 7.90731804250469 -231094.297990901
219000 -231102.36966903 7.9918801965925 -231094.377788833
220000 -231102.302706413 7.99034765862199 -231094.312358754
221000 -231102.292283432 7.96671486397417 -231094.325568568
222000 -231102.274284823 7.98785688421021 -231094.286427939
223000 -231102.361007949 7.99922927664145 -231094.361778672
224000 -231102.139782165 7.95235655217761 -231094.187425613
225000 -231102.159122887 7.93699112140379 -231094.222131766
226000 -231102.193799909 7.98442676414465 -231094.209373145
227000 -231102.108681918 7.92962486823121 -231094.17905705
228000 -231102.311888411 8.04500910228266 -231094.266879309
229000 -231102.144806069 7.93650821518658 -231094.208297854
230000 -231102.150669622 7.91402835945335 -231094.236641263
231000 -231102.104329765 7.90061050984861 -231094.203719255
232000 -231102.193440068 7.97584680572263 -231094.217593262
233000 -231102.22092039 7.96063093463095 -231094.260289455
234000 -231102.267398738 7.94805836786739 -231094.31934037
235000 -231102.219082006 7.99296133010305 -231094.226120676
236000 -231102.191221952 7.95861186762273 -231094.232610084
237000 -231102.221590066 7.90672969350035 -231094.314860373
238000 -231102.212068758 7.99761408343688 -231094.214454675
239000 -231102.12354918 7.92084829862267 -231094.202700881
240000 -231102.107164788 7.98193746519064 -231094.125227323
241000 -231102.2090558 7.99199925175936 -231094.217056548
242000 -231102.129837692 7.97443522568189 -231094.155402466
243000 -231101.964660365 7.91931656096313 -231094.045343804
244000 -231102.129864805 8.01336167338875 -231094.116503132
245000 -231102.059012012 7.94391045313317 -231094.115101559
246000 -231102.021656493 7.95889289144104 -231094.062763602
247000 -231102.098037607 8.03637430097773 -231094.061663306
248000 -231102.087017308 7.947062037951 -231094.13995527
249000 -231102.034140899 7.87419316308633 -231094.159947736
250000 -231101.918767541 7.88654164008335 -231094.032225901
251000 -231102.030305623 7.91186446051054 -231094.118441162
252000 -231102.086429276 8.00442624604087 -231094.08200303
253000 -231102.125014805 7.99785947111971 -231094.127155334
254000 -231102.070185517 7.98667097740966 -231094.08351454
255000 -231101.994504888 7.8957022507115 -231094.098802637
256000 -231102.001381657 7.97826222107715 -231094.023119436
257000 -231102.068338164 8.05084895236724 -231094.017489212
258000 -231101.933375279 7.90628507491428 -231094.027090204
259000 -231101.929711328 7.93651904908047 -231093.993192279
260000 -231101.973602133 7.97983972352109 -231093.993762409
261000 -231102.007286906 7.94200356990688 -231094.065283336
262000 -231101.909015198 7.94210382774613 -231093.96691137
263000 -231101.879193513 7.90948927767358 -231093.969704235
264000 -231101.898416296 7.8793863294299 -231094.019029967
265000 -231102.038072267 8.02035996334925 -231094.017712304
266000 -231101.919983861 7.94861150808108 -231093.971372353
267000 -231101.891616618 7.91558007635529 -231093.976036542
268000 -231102.01888437 8.03963292125773 -231093.979251449
269000 -231101.865713254 7.90599021544054 -231093.959723039
270000 -231101.982350984 8.0402936726917 -231093.942057311
271000 -231101.759527754 7.90114390939069 -231093.858383845
272000 -231101.822944755 7.99026931331612 -231093.832675442
273000 -231101.842996703 7.98822555309695 -231093.85477115
274000 -231101.899701965 8.07093519333626 -231093.828766772
275000 -231101.903830554 8.03032502245717 -231093.873505532
276000 -231101.799276182 7.96287221487183 -231093.836403967
277000 -231101.845166744 7.9868141769045 -231093.858352567
278000 -231101.898815364 7.96920167364325 -231093.92961369
279000 -231101.939975781 8.01625511321832 -231093.923720668
280000 -231101.854162864 7.96325690770878 -231093.890905956
281000 -231101.993791326 8.01850574366077 -231093.975285582
282000 -231101.848280893 7.88923841139983 -231093.959042482
283000 -231101.873433389 7.98643313316082 -231093.887000256
284000 -231101.798570343 7.96971523949129 -231093.828855104
285000 -231101.819934868 7.95913255033392 -231093.860802318
286000 -231101.81049091 7.95347641713027 -231093.857014493
287000 -231101.875217703 8.02482790510506 -231093.850389798
288000 -231101.822777227 7.96851154948146 -231093.854265678
289000 -231101.761633286 7.96652852600038 -231093.79510476
290000 -231101.710169489 7.88310951942232 -231093.82705997
291000 -231101.736084171 7.94387758412528 -231093.792206587
292000 -231101.683989893 7.88500483928697 -231093.798985054
293000 -231101.706441557 7.91965847774114 -231093.786783079
294000 -231101.747437637 7.98775064238065 -231093.759686995
295000 -231101.760652505 8.01218381485697 -231093.74846869
296000 -231101.677961933 7.96939683395328 -231093.708565099
297000 -231101.602282951 7.92186013675355 -231093.680422814
298000 -231101.621857026 7.9283367002012 -231093.693520326
299000 -231101.637519652 7.92744856370514 -231093.710071088
300000 -231101.673143732 7.97088296394872 -231093.702260768
301000 -231101.632899544 7.9576786810896 -231093.675220863
302000 -231101.615889237 7.91905575847017 -231093.696833479
303000 -231101.598758784 7.97471565152878 -231093.624043132
304000 -231101.557145748 7.90540885031572 -231093.651736898
305000 -231101.584039611 7.92209335494551 -231093.661946256
306000 -231101.565569439 7.97626178312266 -231093.589307656
307000 -231101.539918316 7.95524258813436 -231093.584675728
308000 -231101.667423191 8.05274333179424 -231093.614679859
309000 -231101.55659458 7.94909678938036 -231093.607497791
310000 -231101.475177316 7.91772413476357 -231093.557453181
311000 -231101.507102967 7.92653149009599 -231093.580571477
312000 -231101.456131924 7.89346197636068 -231093.562669948
313000 -231101.420734556 7.92544181148176 -231093.495292745
314000 -231101.454086031 7.9852127229116 -231093.468873308
315000 -231101.537716676 8.0147380537881 -231093.522978622
316000 -231101.554659552 7.98271988220645 -231093.57193967
317000 -231101.462371877 7.90921734356678 -231093.553154533
318000 -231101.500589055 7.95428707372945 -231093.546301981
319000 -231101.549172247 7.97978330143612 -231093.569388946
320000 -231101.550624738 7.97336315861266 -231093.577261579
321000 -231101.491630141 7.97773414609062 -231093.513895995
322000 -231101.508331163 7.99148791592645 -231093.516843247
323000 -231101.466927944 7.92664859902854 -231093.540279345
324000 -231101.470069438 7.9380588934139 -231093.532010545
325000 -231101.40520241 7.9092984888383 -231093.495903921
326000 -231101.471656442 7.96566291041308 -231093.505993532
327000 -231101.509747572 8.01574578693322 -231093.494001785
328000 -231101.425593688 7.91965903260097 -231093.505934655
329000 -231101.439221925 7.91874488839701 -231093.520477037
330000 -231101.375104689 7.93935044533202 -231093.435754244
331000 -231101.366809516 7.97166835623841 -231093.39514116
332000 -231101.332751729 7.9672559690964 -231093.36549576
333000 -231101.348647587 8.00361371844959 -231093.345033869
334000 -231101.352499559 7.99671340380417 -231093.355786155
335000 -231101.343724366 7.98729163840006 -231093.356432728
336000 -231101.344520769 7.97690400795726 -231093.367616761
337000 -231101.373276658 7.99625651387538 -231093.377020144
338000 -231101.328930995 7.95397035152284 -231093.374960643
339000 -231101.370304074 8.01733418884678 -231093.352969885
340000 -231101.281416226 7.95253572825307 -231093.328880498
341000 -231101.28284213 7.91590221264546 -231093.366939917
342000 -231101.311950418 7.98034266531306 -231093.331607753
343000 -231101.224178199 7.95530926892969 -231093.26886893
344000 -231101.151867768 7.91574244582722 -231093.236125322
345000 -231101.130415842 7.90521143416497 -231093.225204408
346000 -231101.187837934 7.94959991585243 -231093.238238018
347000 -231101.131633896 7.95195199181682 -231093.179681904
348000 -231101.164558898 7.98446266239844 -231093.180096236
349000 -231101.148883496 7.95019333643075 -231093.19869016
350000 -231101.143462893 7.94181510260623 -231093.20164779
351000 -231101.070719208 7.87948592260823 -231093.191233285
352000 -231101.117482996 7.95214103893367 -231093.165341957
353000 -231101.095744684 7.96473183632936 -231093.131012848
354000 -231100.998589105 7.89892472692953 -231093.099664378
355000 -231101.047699418 7.98819721425749 -231093.059502204
356000 -231101.06584222 7.98768299912972 -231093.078159221
357000 -231101.052275247 7.99069867062376 -231093.061576576
358000 -231101.036604742 7.99989603966431 -231093.036708702
359000 -231100.950828277 7.92990894360769 -231093.020919333
360000 -231101.06350186 8.0129295017645 -231093.050572358
361000 -231101.032480781 7.98281726574734 -231093.049663515
362000 -231101.024497067 7.94217909972032 -231093.082317967
363000 -231101.010635077 7.87502748270407 -231093.135607594
364000 -231100.975272612 7.9373257826397 -231093.037946829
365000 -231100.920027778 7.91144213921016 -231093.008585639
366000 -231100.818411659 7.84392172370817 -231092.974489935
367000 -231100.856157177 7.90405825484494 -231092.952098922
368000 -231100.862130172 7.96031552464425 -231092.901814647
369000 -231100.819083776 7.9420575742042 -231092.877026202
370000 -231100.810993556 7.93012265712494 -231092.880870899
371000 -231100.887427713 8.00294014892579 -231092.884487564
372000 -231100.811746237 7.9400793196535 -231092.871666917
373000 -231100.815728771 7.96318085096852 -231092.85254792
374000 -231100.818082911 7.97362456405368 -231092.844458347
375000 -231100.759409205 7.9215397876836 -231092.837869417
376000 -231100.776341896 7.96929210231539 -231092.807049794
377000 -231100.766734578 7.94918289470738 -231092.817551683
378000 -231100.80695984 7.99761043413032 -231092.809349406
379000 -231100.671449342 7.87667960364671 -231092.794769738
380000 -231100.646677175 7.91615217787292 -231092.730524997
381000 -231100.712991076 7.98827794987277 -231092.724713126
382000 -231100.726045182 7.98708502910024 -231092.738960153
383000 -231100.728135884 7.97215054324925 -231092.755985341
384000 -231100.682950734 7.95720834471923 -231092.725742389
385000 -231100.686658274 7.9327315644732 -231092.75392671
386000 -231100.675841711 7.95477344999867 -231092.721068261
387000 -231100.61685479 7.91906215794273 -231092.697792632
388000 -231100.691496564 8.00517859869966 -231092.686317965
389000 -231100.628149241 7.98706888688188 -231092.641080354
390000 -231100.520921509 7.90117642869199 -231092.61974508
391000 -231100.544793597 7.93179644380737 -231092.612997153
392000 -231100.516278284 7.92948861787273 -231092.586789666
393000 -231100.555921666 7.99881990078928 -231092.557101765
394000 -231100.569523118 7.98298495855676 -231092.586538159
395000 -231100.536417619 7.9827071541567 -231092.553710465
396000 -231100.514586006 7.99926459800666 -231092.515321408
397000 -231100.438652466 7.92355045065699 -231092.515102015
398000 -231100.523754172 8.01009429062661 -231092.513659881
399000 -231100.395706765 7.88681505915608 -231092.508891706
400000 -231100.42158132 7.92254282872497 -231092.499038491
401000 -231100.445009905 7.98058347148741 -231092.464426434
402000 -231100.470415288 8.01840184515113 -231092.452013443
403000 -231100.421264056 7.99439403310639 -231092.426870023
404000 -231100.417138944 7.97883583218633 -231092.438303112
405000 -231100.367949027 7.94315285981247 -231092.424796167
406000 -231100.401263237 8.00833651246106 -231092.392926725
407000 -231100.22818352 7.84233588791393 -231092.385847632
408000 -231100.398918741 8.03238476778537 -231092.366533973
409000 -231100.360617857 7.97514782587536 -231092.385470031
410000 -231100.320136626 7.95126730459183 -231092.368869321
411000 -231100.29590623 7.94257131415134 -231092.353334916
412000 -231100.263533912 7.91737545962238 -231092.346158452
413000 -231100.241502266 7.9486115278754 -231092.292890738
414000 -231100.267871599 8.00897495913637 -231092.25889664
415000 -231100.226642043 7.95832387813781 -231092.268318165
416000 -231100.205568165 7.97665380337833 -231092.228914362
417000 -231100.249213915 8.01660306154885 -231092.232610853
418000 -231100.119204082 7.86736152111241 -231092.251842561
419000 -231100.125086441 7.93458488637646 -231092.190501555
420000 -231100.157578515 7.98011147397324 -231092.177467041
421000 -231100.134489273 7.96412080341271 -231092.17036847
422000 -231100.092589146 7.91513978819799 -231092.177449358
423000 -231100.086013364 7.90666001526127 -231092.179353349
424000 -231100.024227963 7.87674078418438 -231092.147487179
425000 -231100.128596239 7.99473185525779 -231092.133864384
426000 -231100.079827287 7.97433795306065 -231092.105489334
427000 -231100.059460342 7.98199307498767 -231092.077467267
428000 -231100.056630764 7.95345262451533 -231092.103178139
429000 -231100.004236023 7.94855276426368 -231092.055683259
430000 -231100.033980578 7.97163732786601 -231092.06234325
431000 -231100.040742579 7.97817793118397 -231092.062564648
432000 -231100.03228023 7.98832735857052 -231092.043952871
433000 -231099.945213908 7.90447939744064 -231092.040734511
434000 -231100.068976726 8.04104938086167 -231092.027927345
435000 -231100.015091216 7.99141594498636 -231092.023675271
436000 -231099.990147089 7.99090434195701 -231091.999242747
437000 -231099.966954296 7.96271040490584 -231092.004243891
438000 -231100.044170339 8.03867140650704 -231092.005498932
439000 -231099.888497925 7.88665502925384 -231092.001842896
440000 -231099.974406526 7.98346245186142 -231091.990944074
441000 -231099.954750137 7.97879252188232 -231091.975957615
442000 -231099.947405182 7.97264651408651 -231091.974758668
443000 -231100.014491343 8.0603187134165 -231091.95417263
444000 -231100.022358198 8.05996662317254 -231091.962391575
445000 -231099.977475458 8.01450578562769 -231091.962969672
446000 -231099.849431566 7.87917355744897 -231091.970258009
447000 -231099.961284212 8.01104747777423 -231091.950236734
448000 -231099.906042455 7.95445769042216 -231091.951584765
449000 -231099.82822618 7.87310653240877 -231091.955119648
450000 -231099.834668516 7.88698517395323 -231091.947683342
451000 -231099.852780421 7.92772844955465 -231091.925051971
452000 -231099.746155793 7.85257189723391 -231091.893583896
453000 -231099.866871968 8.0059436366027 -231091.860928331
454000 -231099.854563558 8.01804605601011 -231091.836517502
455000 -231099.770650424 7.91278388113383 -231091.857866543
456000 -231099.819974492 7.97370927783087 -231091.846265214
457000 -231099.696581843 7.87706805627655 -231091.819513787
458000 -231099.759575298 7.95227758122493 -231091.807297717
459000 -231099.804478544 8.04683222924249 -231091.757646315
460000 -231099.76023021 8.00997914950323 -231091.75025106
461000 -231099.746358977 7.98965979122549 -231091.756699186
462000 -231099.702180304 7.94869620464822 -231091.753484099
463000 -231099.727351327 7.97780966057512 -231091.749541666
464000 -231099.676136462 7.94186826035883 -231091.734268202
465000 -231099.682189106 7.97466783103958 -231091.707521275
466000 -231099.689670614 8.02018583704991 -231091.669484777
467000 -231099.640192551 7.9924522767996 -231091.647740274
468000 -231099.524866912 7.86917037907719 -231091.655696533
469000 -231099.5766438 7.96537232724392 -231091.611271473
470000 -231099.648237477 8.06243547189359 -231091.585802005
471000 -231099.529576863 7.94370293992065 -231091.585873923
472000 -231099.594304982 8.00696627033767 -231091.587338712
473000 -231099.51922552 7.93596870924151 -231091.583256811
474000 -231099.547321911 7.99839856565359 -231091.548923345
475000 -231099.530799683 7.99695196726761 -231091.533847716
476000 -231099.433178956 7.90358833952877 -231091.529590616
477000 -231099.523719126 8.00846479766836 -231091.515254328
478000 -231099.425254487 7.93033568118899 -231091.494918806
479000 -231099.412174115 7.92980436727868 -231091.482369748
480000 -231099.448344563 7.99049290134159 -231091.457851662
481000 -231099.472268755 8.0327172135574 -231091.439551541
482000 -231099.399713047 7.96814092746265 -231091.43157212
483000 -231099.384386778 7.96090996096113 -231091.423476817
484000 -231099.404928948 7.99549858068544 -231091.409430367
485000 -231099.3764344 7.97126188254873 -231091.405172517
486000 -231099.378088265 7.97982827218876 -231091.398259993
487000 -231099.354831107 7.97691817170468 -231091.377912935
488000 -231099.328771487 7.97193609843654 -231091.356835389
489000 -231099.3315453 7.97759108997237 -231091.35395421
490000 -231099.303936044 7.95865101359968 -231091.34528503
491000 -231099.324429308 8.00020516316556 -231091.324224145
492000 -231099.274842536 7.98071241934049 -231091.294130117
493000 -231099.288654854 8.00951086866575 -231091.279143985
494000 -231099.175489713 7.90461839286073 -231091.27087132
495000 -231099.095792529 7.85867034045916 -231091.237122189
496000 -231099.248119684 8.02899999978763 -231091.219119684
497000 -231099.152168036 7.94333438963198 -231091.208833646
498000 -231099.145079163 7.93524394085537 -231091.209835222
499000 -231099.136304974 7.94777966195391 -231091.188525312
500000 -231099.154782135 7.989671921845 -231091.165110213
501000 -231099.098853911 7.94867087791396 -231091.150183033
502000 -231099.029561772 7.89534046015904 -231091.134221312
503000 -231099.057005272 7.93991863836394 -231091.117086634
504000 -231099.087897828 7.99146914582921 -231091.096428682
505000 -231099.11105006 8.03586420598072 -231091.075185854
506000 -231099.056135087 7.99066133992232 -231091.065473747
507000 -231098.966601069 7.91197670192316 -231091.054624367
508000 -231099.110807841 8.05692345450934 -231091.053884386
509000 -231099.010819941 7.97608078578347 -231091.034739155
510000 -231099.02416772 7.97351604395829 -231091.050651676
511000 -231099.026594006 7.98748537623493 -231091.03910863
512000 -231098.998936627 7.97496512446639 -231091.023971503
513000 -231099.001493959 8.0024342649397 -231090.999059694
514000 -231098.890902025 7.91785011099189 -231090.973051914
515000 -231098.890718396 7.93717574786371 -231090.953542648
516000 -231098.943586369 8.01241788101005 -231090.931168488
517000 -231098.900677123 7.98726809702926 -231090.913409026
518000 -231098.878158234 7.97924154893894 -231090.898916685
519000 -231098.887234487 8.00592585631131 -231090.881308631
520000 -231098.815473183 7.96022064756134 -231090.855252535
521000 -231098.808539273 7.96448408938453 -231090.844055184
522000 -231098.853069307 8.01311053660012 -231090.83995877
523000 -231098.760575729 7.9287574408062 -231090.831818288
524000 -231098.761733359 7.94668467871483 -231090.81504868
525000 -231098.773825595 7.97074460365079 -231090.803080991
526000 -231098.750923472 7.96658748061855 -231090.784335991
527000 -231098.700627552 7.93861347442495 -231090.762014078
528000 -231098.734286447 7.99254346157256 -231090.741742985
529000 -231098.736660352 8.00677534724319 -231090.729885005
530000 -231098.617202502 7.89307893403841 -231090.724123568
531000 -231098.596663056 7.8770478207602 -231090.719615235
532000 -231098.68889532 7.98868048804952 -231090.700214832
533000 -231098.699995942 8.0104811661623 -231090.689514776
534000 -231098.728121928 8.03441683907944 -231090.693705089
535000 -231098.64963156 7.94772309295089 -231090.701908467
536000 -231098.619647755 7.92043017212817 -231090.699217583
537000 -231098.671938724 7.99544536231227 -231090.676493362
538000 -231098.629283513 7.94913092058681 -231090.680152592
539000 -231098.640386331 7.96535873708574 -231090.675027594
540000 -231098.610397403 7.94851584517736 -231090.661881558
541000 -231098.695288996 8.03290033152037 -231090.662388664
542000 -231098.682907974 8.02124814612757 -231090.661659828
543000 -231098.68777346 8.02453322734451 -231090.663240233
544000 -231098.716887994 8.0331479300869 -231090.683740064
545000 -231098.684880863 8.00214577889906 -231090.682735084
546000 -231098.624696272 7.93167603010392 -231090.693020242
547000 -231098.699964359 8.00826081348211 -231090.691703546
548000 -231098.640953252 7.95618449126972 -231090.684768761
549000 -231098.594738623 7.93061198348971 -231090.66412664
550000 -231098.58132932 7.93420420552555 -231090.647125114
551000 -231098.546778783 7.91749932442064 -231090.629279459
552000 -231098.617533505 8.00480570276994 -231090.612727802
553000 -231098.606952198 8.00825000327892 -231090.598702195
554000 -231098.522623074 7.9257329640497 -231090.59689011
555000 -231098.558901739 7.98477809760715 -231090.574123641
556000 -231098.586397036 8.02547102448781 -231090.560926012
557000 -231098.53293938 7.97503803611886 -231090.557901344
558000 -231098.533553766 7.98125930394102 -231090.552294462
559000 -231098.453351225 7.91312382002899 -231090.540227405
560000 -231098.576158164 8.06174886723248 -231090.514409297
561000 -231098.510669504 7.99274234559748 -231090.517927158
562000 -231098.516224464 7.99737723775401 -231090.518847226
563000 -231098.438875614 7.93271608749208 -231090.506159526
564000 -231098.507651784 8.02793001251139 -231090.479721771
565000 -231098.501088375 8.0456914581879 -231090.455396917
566000 -231098.452434477 8.00475423286981 -231090.447680244
567000 -231098.496024348 8.04224842814279 -231090.45377592
568000 -231098.353485086 7.89440621109967 -231090.459078875
569000 -231098.456030154 8.01412344856357 -231090.441906705
570000 -231098.370198753 7.92900519667099 -231090.441193556
571000 -231098.432995478 7.99148553839632 -231090.44150994
572000 -231098.467290696 8.01819830976949 -231090.449092386
573000 -231098.534116626 8.05667500712146 -231090.477441619
574000 -231098.478495786 7.97755221420205 -231090.500943572
575000 -231098.525843969 8.01849308069329 -231090.507350888
576000 -231098.47143951 7.97107936106173 -231090.500360149
577000 -231098.473622725 7.99178660772944 -231090.481836117
578000 -231098.381840042 7.9149419227735 -231090.466898119
579000 -231098.442855811 8.00776548052407 -231090.43509033
580000 -231098.434085056 8.02200906675164 -231090.412075989
581000 -231098.345076582 7.95155753177231 -231090.39351905
582000 -231098.352965686 7.9837813540463 -231090.369184332
583000 -231098.310283591 7.96122263405579 -231090.349060957
584000 -231098.408790773 8.08839616376813 -231090.320394609
585000 -231098.334281632 8.02673580860649 -231090.307545823
586000 -231098.244475569 7.95347283376748 -231090.291002735
587000 -231098.189347936 7.91650850026682 -231090.272839436
588000 -231098.204470304 7.97015050155472 -231090.234319802
589000 -231098.153570454 7.94789471328228 -231090.205675741
590000 -231098.074478471 7.89068520528012 -231090.183793266
591000 -231098.139802593 7.9796528082341 -231090.160149785
592000 -231098.039500665 7.90276753148854 -231090.136733134
593000 -231098.056109733 7.95688719775034 -231090.099222535
594000 -231098.119902372 8.04176197566248 -231090.078140396
595000 -231098.040621116 7.97421735846904 -231090.066403758
596000 -231098.03138594 7.98509302097096 -231090.046292919
597000 -231097.929580527 7.91372180745888 -231090.01585872
598000 -231097.962783861 7.972517120386 -231089.990266741
599000 -231097.926796151 7.96465188993494 -231089.962144261
600000 -231097.904299451 7.95848728262115 -231089.945812168
601000 -231097.93009306 8.00087955738465 -231089.929213503
602000 -231097.901904111 7.98404855046439 -231089.917855561
603000 -231097.907189352 8.00538173977798 -231089.901807612
604000 -231097.798734238 7.92113096486295 -231089.877603273
605000 -231097.738321572 7.89561153891409 -231089.842710033
606000 -231097.809715367 8.00713614317587 -231089.802579224
607000 -231097.821236647 8.04526740767126 -231089.775969239
608000 -231097.624374665 7.86733288923424 -231089.757041776
609000 -231097.674828878 7.95593743804903 -231089.71889144
610000 -231097.66952622 7.98169789483829 -231089.687828325
611000 -231097.649920758 7.99376825507046 -231089.656152503
612000 -231097.550062594 7.91716252584709 -231089.632900068
613000 -231097.575807781 7.95090481821823 -231089.624902963
614000 -231097.572068816 7.95437194775737 -231089.617696868
615000 -231097.519857922 7.90484834260139 -231089.615009579
616000 -231097.452799442 7.86597698183308 -231089.58682246
617000 -231097.540698486 8.00239909059865 -231089.538299395
618000 -231097.470442558 7.96326510819453 -231089.50717745
619000 -231097.409732959 7.93141911603122 -231089.478313843
620000 -231097.458066953 8.00694251682175 -231089.451124436
621000 -231097.376367138 7.94938929144536 -231089.426977847
622000 -231097.427242172 8.02565475088862 -231089.401587421
623000 -231097.31980382 7.93123069148594 -231089.388573128
624000 -231097.356518587 7.98445729993477 -231089.372061287
625000 -231097.301197288 7.94895680799221 -231089.35224048
626000 -231097.248462899 7.91348389392301 -231089.334979005
627000 -231097.324065565 8.01520067488169 -231089.30886489
628000 -231097.15808391 7.87632757346842 -231089.281756337
629000 -231097.136512488 7.88217260263887 -231089.254339885
630000 -231097.193931043 7.97335557522584 -231089.220575468
631000 -231097.124741469 7.9366503535421 -231089.188091115
632000 -231097.111717784 7.96369249988526 -231089.148025284
633000 -231097.030963835 7.9174304236819 -231089.113533411
634000 -231097.125855157 8.03933568992003 -231089.086519467
635000 -231097.014537019 7.93222632217597 -231089.082310697
636000 -231096.99672986 7.9254412805955 -231089.071288579
637000 -231097.053102472 8.00266465117546 -231089.050437821
638000 -231096.966210499 7.93554747897366 -231089.03066302
639000 -231096.94923863 7.94363848290038 -231089.005600147
640000 -231096.955572451 7.97621796184486 -231088.979354489
641000 -231096.864073248 7.89995896895216 -231088.964114279
642000 -231096.818011291 7.89103553825924 -231088.926975753
643000 -231096.823105798 7.94110948943274 -231088.881996309
644000 -231096.814714187 7.96363475247712 -231088.851079435
645000 -231096.814060845 7.98713759171859 -231088.826923253
646000 -231096.820479132 8.01267715998144 -231088.807801972
647000 -231096.811747426 8.01894772975258 -231088.792799696
648000 -231096.726910566 7.94995038022909 -231088.776960186
649000 -231096.688118951 7.93050349400025 -231088.757615457
650000 -231096.644091381 7.91745586681339 -231088.726635514
651000 -231096.632031251 7.94381612762233 -231088.688215123
652000 -231096.605752735 7.95439430045954 -231088.651358435
653000 -231096.588847608 7.96512299898848 -231088.623724609
654000 -231096.505416408 7.89515360511797 -231088.610262803
655000 -231096.486432596 7.90658323257806 -231088.579849363
656000 -231096.462353418 7.91186152018649 -231088.550491898
657000 -231096.483494776 7.95613967682055 -231088.527355099
658000 -231096.448015116 7.9427697143956 -231088.505245402
659000 -231096.425009667 7.94847746164347 -231088.476532205
660000 -231096.382273728 7.9330238117375 -231088.449249916
661000 -231096.478027277 8.04956832240415 -231088.428458955
662000 -231096.472397921 8.05239002298912 -231088.420007898
663000 -231096.304793916 7.90605899568039 -231088.39873492
664000 -231096.370413744 8.00398535770252 -231088.366428386
665000 -231096.325289529 7.98624991482476 -231088.339039614
666000 -231096.233523303 7.92565130209391 -231088.307872001
667000 -231096.248767592 7.96245676369243 -231088.286310828
668000 -231096.139263127 7.88307629405331 -231088.256186833
669000 -231096.167663741 7.95129217434003 -231088.216371567
670000 -231096.10302234 7.92568133950921 -231088.177341
671000 -231096.115222329 7.96957740567179 -231088.145644923
672000 -231096.12597557 8.00477259143791 -231088.121202979
673000 -231096.082886543 7.97159599512748 -231088.111290548
674000 -231096.0063725 7.90159465017761 -231088.10477785
675000 -231096.061569674 7.97770122085607 -231088.083868453
676000 -231096.005313471 7.94167562394051 -231088.063637847
677000 -231095.977075445 7.94989127167298 -231088.027184173
678000 -231095.899847655 7.91443472480353 -231087.98541293
679000 -231095.897754213 7.94628821288319 -231087.951466
680000 -231095.788578326 7.86702625779708 -231087.921552068
681000 -231095.895036343 8.00915235058452 -231087.885883992
682000 -231095.922391825 8.05206459579555 -231087.870327229
683000 -231095.756394539 7.88813034562189 -231087.868264193
684000 -231095.780579224 7.94366057452655 -231087.836918649
685000 -231095.775413715 7.97073272683361 -231087.804680988
686000 -231095.715137378 7.92440535880303 -231087.790732019
687000 -231095.630061544 7.86809171297712 -231087.761969831
688000 -231095.695793541 7.9697868082975 -231087.726006733
689000 -231095.646850993 7.94827925272601 -231087.69857174
690000 -231095.581426824 7.9127489050099 -231087.668677919
691000 -231095.616205242 7.98742961661223 -231087.628775625
692000 -231095.511865444 7.91398036156514 -231087.597885082
693000 -231095.595626202 8.02823159784364 -231087.567394604
694000 -231095.523456306 7.98067273736274 -231087.542783569
695000 -231095.448132321 7.91818527067227 -231087.52994705
696000 -231095.421910752 7.91095365277236 -231087.510957099
697000 -231095.385292937 7.90388992815324 -231087.481403009
698000 -231095.385817742 7.93333761434055 -231087.452480128
699000 -231095.355547013 7.9269449361213 -231087.428602077
700000 -231095.382182997 7.98621215832853 -231087.395970839
701000 -231095.298618752 7.92368287923135 -231087.374935873
702000 -231095.381953978 8.03386495976468 -231087.348089018
703000 -231095.287143733 7.96411977699778 -231087.323023956
704000 -231095.191071796 7.89884799730526 -231087.292223799
705000 -231095.232755773 7.97509123167275 -231087.257664541
706000 -231095.155141646 7.91894552567526 -231087.23619612
707000 -231095.148172809 7.93542762638755 -231087.212745183
708000 -231095.127403563 7.93673360540124 -231087.190669958
709000 -231095.189024518 8.02655922511359 -231087.162465293
710000 -231095.083357439 7.95428051790648 -231087.129076921
711000 -231094.986025497 7.88766140450965 -231087.098364092
712000 -231094.999661447 7.93984538263669 -231087.059816064
713000 -231094.966637566 7.9429533599985 -231087.023684206
714000 -231094.959163389 7.96363004396081 -231086.995533345
715000 -231094.966284865 7.99549822757432 -231086.970786637
716000 -231094.867465753 7.91209348529679 -231086.955372268
717000 -231094.955644095 8.02031668096179 -231086.935327414
718000 -231094.859773096 7.94002731909034 -231086.919745777
719000 -231094.846565368 7.94760768511498 -231086.898957683
720000 -231094.77955077 7.90897335898279 -231086.870577411
721000 -231094.754469245 7.92272701599173 -231086.831742229
722000 -231094.777324847 7.99468710957685 -231086.782637737
723000 -231094.6202287 7.86661769831954 -231086.753611002
724000 -231094.665688638 7.94064721660327 -231086.725041421
725000 -231094.691577252 7.99595848174797 -231086.69561877
726000 -231094.633861623 7.95426454326888 -231086.67959708
727000 -231094.650325039 7.98866915724814 -231086.661655882
728000 -231094.574683334 7.93613469109832 -231086.638548643
729000 -231094.544739003 7.93262619054826 -231086.612112812
730000 -231094.5918864 8.00356493794894 -231086.588321462
731000 -231094.484998922 7.92423765140875 -231086.560761271
732000 -231094.427369686 7.91265621831915 -231086.514713468
733000 -231094.520072917 8.0563313992583 -231086.463741518
734000 -231094.374684549 7.94409026109408 -231086.430594288
735000 -231094.332104954 7.93209349100292 -231086.400011463
736000 -231094.36090585 7.98894196110695 -231086.371963889
737000 -231094.322272963 7.96404982259204 -231086.35822314
738000 -231094.337275509 7.98981176283183 -231086.347463746
739000 -231094.284695254 7.96039782899835 -231086.324297425
740000 -231094.263544422 7.97026437090073 -231086.293280051
741000 -231094.246784738 7.97902133429455 -231086.267763404
742000 -231094.153453097 7.90887110329632 -231086.244581994
743000 -231094.225406339 8.01230707018027 -231086.213099269
744000 -231094.151565233 7.96346881154763 -231086.188096421
745000 -231094.110039575 7.94725687345486 -231086.162782702
746000 -231094.049244646 7.92461241341371 -231086.124632233
747000 -231093.963335544 7.8830092978577 -231086.080326246
748000 -231094.057056607 8.01938048659408 -231086.03767612
749000 -231093.910229511 7.89099493070347 -231086.01923458
750000 -231093.943421417 7.94872351273412 -231085.994697904
751000 -231093.960144621 7.99371190879778 -231085.966432712
752000 -231093.841812033 7.89509737195898 -231085.946714661
753000 -231093.9209104 8.0062266567915 -231085.914683743
754000 -231093.851330207 7.95997405011647 -231085.891356157
755000 -231093.761751999 7.89161620717785 -231085.870135792
756000 -231093.795194575 7.96067338621122 -231085.834521189
757000 -231093.730126031 7.92808906306306 -231085.802036968
758000 -231093.713410367 7.94989134100011 -231085.763519026
759000 -231093.718807682 7.98975029829439 -231085.729057384
760000 -231093.717200985 8.01743724917113 -231085.699763736
761000 -231093.657608346 7.99179573156432 -231085.665812614
762000 -231093.615146534 7.97248355905706 -231085.642662975
763000 -231093.619483313 7.99634682818621 -231085.623136485
764000 -231093.561906298 7.95450929002813 -231085.607397008
765000 -231093.460090622 7.87743328379632 -231085.582657338
766000 -231093.513972073 7.96804840791353 -231085.545923665
767000 -231093.471187391 7.95301406425994 -231085.518173327
768000 -231093.388040174 7.89231097291953 -231085.495729201
769000 -231093.332327185 7.87319615751172 -231085.459131027
770000 -231093.429198842 8.01593903338187 -231085.413259809
771000 -231093.344834288 7.96981572945351 -231085.375018559
772000 -231093.295215238 7.94794343053806 -231085.347271807
773000 -231093.240096307 7.92605817831385 -231085.314038129
774000 -231093.26415872 7.99134022759719 -231085.272818492
775000 -231093.315143269 8.06968955316328 -231085.245453716
776000 -231093.252124613 8.02485518590124 -231085.227269427
777000 -231093.257959362 8.04053225594003 -231085.217427106
778000 -231093.122181681 7.91413662330732 -231085.208045058
779000 -231093.079993683 7.90568586259954 -231085.17430782
780000 -231093.070897532 7.94799263254521 -231085.122904899
781000 -231093.015064004 7.9309987125058 -231085.084065291
782000 -231093.067357449 8.01377621949165 -231085.05358123
783000 -231092.98020691 7.9494412315049 -231085.030765679
784000 -231092.948386384 7.9473752334125 -231085.001011151
785000 -231092.878326812 7.90779297286075 -231084.970533839
786000 -231092.887351068 7.94631250616593 -231084.941038562
787000 -231092.839433832 7.9288373490713 -231084.910596483
788000 -231092.887337089 8.00072781204301 -231084.886609277
789000 -231092.856000812 7.99128246994625 -231084.864718342
790000 -231092.824782183 7.98103367344158 -231084.84374851
791000 -231092.68733692 7.86882733329969 -231084.818509587
792000 -231092.712810237 7.93923125814545 -231084.773578979
793000 -231092.653321792 7.91941388088629 -231084.733907911
794000 -231092.671667579 7.97785465599737 -231084.693812923
795000 -231092.646100359 7.99955738047313 -231084.646542979
796000 -231092.637546557 8.01980878494483 -231084.617737772
797000 -231092.619984517 8.02203958015892 -231084.597944937
798000 -231092.498206202 7.91710552959171 -231084.581100672
799000 -231092.496625285 7.94405020453952 -231084.55257508
800000 -231092.459101271 7.94033310131561 -231084.51876817
801000 -231092.502219838 8.01852083822108 -231084.483699
802000 -231092.433074915 7.96728384982227 -231084.465791065
803000 -231092.273202865 7.83106303849533 -231084.442139827
804000 -231092.35478195 7.96661924703469 -231084.388162703
805000 -231092.352296964 8.00533065014103 -231084.346966314
806000 -231092.302847288 7.97439128288168 -231084.328456005
807000 -231092.242631096 7.92952170206076 -231084.313109394
808000 -231092.284838636 7.99892351157172 -231084.285915124
809000 -231092.243676806 7.99458013508416 -231084.249096671
810000 -231092.192597912 7.97898966689387 -231084.213608245
811000 -231092.145868064 7.9625068700193 -231084.183361194
812000 -231092.016512919 7.86826173044995 -231084.148251189
813000 -231092.093646457 7.98337949210454 -231084.110266965
814000 -231092.102496155 8.02169041555236 -231084.080805739
815000 -231091.945539883 7.89073826147169 -231084.054801622
816000 -231092.097621621 8.07226223265139 -231084.025359388
817000 -231091.967561947 7.96464591919951 -231084.002916028
818000 -231091.957191581 7.98437549876789 -231083.972816082
819000 -231091.884473476 7.93984627012649 -231083.944627206
820000 -231091.826373971 7.91412427086772 -231083.9122497
821000 -231091.770112444 7.89572991684266 -231083.874382527
822000 -231091.819818217 7.99057432965863 -231083.829243887
823000 -231091.656773114 7.86610108421467 -231083.79067203
824000 -231091.700562665 7.94730879550301 -231083.75325387
825000 -231091.735215111 8.01269284810133 -231083.722522263
826000 -231091.66948768 7.97503471595315 -231083.694452964
827000 -231091.711788548 8.04814718611817 -231083.663641362
828000 -231091.59038933 7.94531757139087 -231083.645071759
829000 -231091.589159914 7.97804741745736 -231083.611112497
830000 -231091.555612813 7.97721677556953 -231083.578396037
831000 -231091.594063588 8.03566194534412 -231083.558401643
832000 -231091.548288569 8.01384709521732 -231083.534441474
833000 -231091.53812821 8.03482852145102 -231083.503299689
834000 -231091.408393196 7.92931015823082 -231083.479083038
835000 -231091.310333398 7.86438879938114 -231083.445944599
836000 -231091.316625182 7.92432913846287 -231083.392296044
837000 -231091.282411254 7.93183082521503 -231083.350580429
838000 -231091.265480102 7.93941542788075 -231083.326064674
839000 -231091.33510051 8.02830772801593 -231083.306792782
840000 -231091.272317854 7.98538181622506 -231083.286936038
841000 -231091.258475757 7.99674649259574 -231083.261729264
842000 -231091.204764696 7.97815571471421 -231083.226608981
843000 -231091.144556492 7.95349044349074 -231083.191066049
844000 -231091.172647794 8.01389872678032 -231083.158749067
845000 -231091.061857491 7.9271966735309 -231083.134660817
846000 -231091.056639691 7.95238011356339 -231083.104259577
847000 -231090.990374603 7.92652682293486 -231083.06384778
848000 -231091.00351169 7.9798750267211 -231083.023636663
849000 -231090.977867998 7.98878134240907 -231082.989086656
850000 -231090.940660485 7.98799656825072 -231082.952663917
851000 -231090.862921724 7.94309095641543 -231082.919830768
852000 -231090.855863053 7.96905603718118 -231082.886807016
853000 -231090.821196548 7.96666908099422 -231082.854527467
854000 -231090.741347902 7.92099463544093 -231082.820353267
855000 -231090.735260573 7.94464629501822 -231082.790614278
856000 -231090.698764574 7.94650577899529 -231082.752258795
857000 -231090.679629903 7.97135596069129 -231082.708273942
858000 -231090.666977667 7.9883024939466 -231082.678675173
859000 -231090.654548353 8.00482086458475 -231082.649727488
860000 -231090.621080384 7.99843241358753 -231082.62264797
861000 -231090.499211669 7.90102926147686 -231082.598182408
862000 -231090.550469184 7.98947882515622 -231082.560990359
863000 -231090.505860843 7.97906035708266 -231082.526800486
864000 -231090.482696675 7.9886796529111 -231082.494017022
865000 -231090.525088972 8.06600005623861 -231082.459088916
866000 -231090.413748616 7.97365996088374 -231082.440088655
867000 -231090.338962272 7.92629944096837 -231082.412662831
868000 -231090.316995204 7.93874517748476 -231082.378250026
869000 -231090.257262495 7.91180019487449 -231082.3454623
870000 -231090.234340867 7.91705113817597 -231082.317289729
871000 -231090.242528062 7.96588951403544 -231082.276638548
872000 -231090.259119041 8.01774605019132 -231082.241372991
873000 -231090.170937951 7.95528603384194 -231082.215651917
874000 -231090.030288312 7.84678578807862 -231082.183502524
875000 -231090.138812609 8.00337741593841 -231082.135435193
876000 -231090.038837383 7.94066956168941 -231082.098167821
877000 -231090.104752125 8.04180290824093 -231082.062949217
878000 -231090.084423559 8.04982615465141 -231082.034597404
879000 -231089.971577034 7.95619571056874 -231082.015381323
880000 -231089.917763245 7.93057403024799 -231081.987189215
881000 -231089.967463559 8.01079901626786 -231081.956664543
882000 -231089.894428301 7.96722835565772 -231081.927199945
883000 -231089.881452572 7.99911190411552 -231081.882340668
884000 -231089.827875872 7.99155207590146 -231081.836323796
885000 -231089.822885399 8.02456392206561 -231081.798321477
886000 -231089.782449237 8.01581649006413 -231081.766632747
887000 -231089.728109321 7.98734296984876 -231081.740766351
888000 -231089.631292768 7.91725611009894 -231081.714036658
889000 -231089.663920936 7.98985723061662 -231081.674063705
890000 -231089.584856068 7.95271214524904 -231081.632143923
891000 -231089.609066782 8.02103981028324 -231081.588026972
892000 -231089.505088 7.95206906685696 -231081.553018933
893000 -231089.494918588 7.96863753318614 -231081.526281055
894000 -231089.466601881 7.96657075073286 -231081.50003113
895000 -231089.443128231 7.97170530177636 -231081.471422929
896000 -231089.372326678 7.92798814520511 -231081.444338533
897000 -231089.350282289 7.94160537541707 -231081.408676914
898000 -231089.421834706 8.05720615547579 -231081.364628551
899000 -231089.245915111 7.9201427267316 -231081.325772384
900000 -231089.225941133 7.94253034294238 -231081.28341079
901000 -231089.173328892 7.92909131089009 -231081.244237581
902000 -231089.193480628 7.98428784960113 -231081.209192778
903000 -231089.137745081 7.96322700262829 -231081.174518078
904000 -231089.165728678 8.02934488595165 -231081.136383792
905000 -231089.094059193 7.98477207561229 -231081.109287117
906000 -231089.135098499 8.0478824596886 -231081.087216039
907000 -231089.073641507 8.01231985423116 -231081.061321653
908000 -231088.968723439 7.94473023860384 -231081.0239932
909000 -231089.012918133 8.0324122080812 -231080.980505925
910000 -231088.855517275 7.9079260679952 -231080.947591207
911000 -231088.897938962 7.9914181430747 -231080.906520819
912000 -231088.834522967 7.96978201926179 -231080.864740948
913000 -231088.735741045 7.90348529180075 -231080.832255753
914000 -231088.856265009 8.06989886703102 -231080.786366142
915000 -231088.737305607 7.98641314948543 -231080.750892458
916000 -231088.712774977 7.99791455767348 -231080.714860419
917000 -231088.714239225 8.03886631104552 -231080.675372914
918000 -231088.597106847 7.95114050987875 -231080.645966337
919000 -231088.526421768 7.90701216393428 -231080.619409604
920000 -231088.583258208 8.00201237087673 -231080.581245837
921000 -231088.487770751 7.93612667600067 -231080.551644075
922000 -231088.429487947 7.90805996357998 -231080.521427983
923000 -231088.448525031 7.97245878378514 -231080.476066247
924000 -231088.362671655 7.92685803871484 -231080.435813616
925000 -231088.275683362 7.88334179648543 -231080.392341566
926000 -231088.331948369 7.98934275407971 -231080.342605615
927000 -231088.280402372 7.9772362548505 -231080.303166117
928000 -231088.266824787 7.9979668987647 -231080.268857888
929000 -231088.258741711 8.01884297180282 -231080.239898739
930000 -231088.212884377 7.99157772631515 -231080.221306651
931000 -231088.059261685 7.86068943954405 -231080.198572245
932000 -231088.066449325 7.91519809914328 -231080.151251226
933000 -231088.080995274 7.98084038748319 -231080.100154887
934000 -231088.014403683 7.94643904492492 -231080.067964638
935000 -231087.980753271 7.95115412043323 -231080.029599151
936000 -231087.973031379 7.99509757201806 -231079.977933807
937000 -231087.956993414 8.02231387421101 -231079.93467954
938000 -231087.84159588 7.93799596997762 -231079.90359991
939000 -231087.885643025 8.01462325873839 -231079.871019766
940000 -231087.734915603 7.90032017734816 -231079.834595426
941000 -231087.748884856 7.95979205016085 -231079.789092806
942000 -231087.740667721 7.98870432782893 -231079.751963393
943000 -231087.620351052 7.90203206830405 -231079.718318984
944000 -231087.689304799 8.01396106564121 -231079.675343733
945000 -231087.5718003 7.93376234198893 -231079.638037958
946000 -231087.572022095 7.97326427001042 -231079.598757825
947000 -231087.556928535 7.99029448173469 -231079.566634053
948000 -231087.45782532 7.92304074309047 -231079.534784577
949000 -231087.471660786 7.98009484826103 -231079.491565938
950000 -231087.424012502 7.97264592588738 -231079.451366576
951000 -231087.389468243 7.97607163228095 -231079.413396611
952000 -231087.396115817 8.02863045420253 -231079.367485363
953000 -231087.264039855 7.93748471576237 -231079.326555139
954000 -231087.229444612 7.94170913249434 -231079.28773548
955000 -231087.252049827 8.000368072928 -231079.251681754
956000 -231087.158131107 7.933411524502 -231079.224719582
957000 -231087.12335667 7.93553209608898 -231079.187824574
958000 -231087.105022665 7.96879357953128 -231079.136229085
959000 -231087.074555478 7.98453868320714 -231079.090016795
960000 -231087.003477109 7.95032919999588 -231079.053147909
961000 -231086.987232771 7.97309152380099 -231079.014141247
962000 -231086.902292691 7.91886791422243 -231078.983424777
963000 -231086.841182012 7.89479605836358 -231078.946385954
964000 -231086.873096055 7.97386902735235 -231078.899227028
965000 -231086.822667958 7.96218744559325 -231078.860480512
966000 -231086.792251337 7.97106578733092 -231078.82118555
967000 -231086.729138782 7.95512260943061 -231078.774016173
968000 -231086.686843572 7.95984042380799 -231078.727003148
969000 -231086.676081795 7.99690712870866 -231078.679174666
970000 -231086.636845392 7.98853775221983 -231078.64830764
971000 -231086.56799355 7.94844690901289 -231078.619546641
972000 -231086.570572874 7.99048657206179 -231078.580086302
973000 -231086.602248112 8.05847248717273 -231078.543775625
974000 -231086.557777062 8.05011003747512 -231078.507667025
975000 -231086.436816065 7.96647380931879 -231078.470342256
976000 -231086.367025256 7.93641914212513 -231078.430606114
977000 -231086.349967545 7.96448261065146 -231078.385484934
978000 -231086.296308705 7.95602702066968 -231078.340281684
979000 -231086.230895141 7.93874394805747 -231078.292151193
980000 -231086.184601332 7.9450860033724 -231078.239515329
981000 -231086.124442339 7.93817970376562 -231078.186262635
982000 -231086.117763246 7.97363006598433 -231078.14413318
983000 -231086.140393034 8.02574080633563 -231078.114652228
984000 -231086.008096057 7.91602612648287 -231078.092069931
985000 -231086.046076245 7.9912119506936 -231078.054864294
986000 -231085.942654452 7.92749001767941 -231078.015164434
987000 -231085.954713373 7.98374754695308 -231077.970965826
988000 -231085.863590753 7.92549372733545 -231077.938097026
989000 -231085.803538861 7.91477455990823 -231077.888764301
990000 -231085.773719508 7.94165706437318 -231077.832062444
991000 -231085.700367653 7.91538353564909 -231077.784984117
992000 -231085.736861727 8.00613613622983 -231077.730725591
993000 -231085.651235439 7.95976015600739 -231077.691475283
994000 -231085.691089456 8.03566790885954 -231077.655421547
995000 -231085.562660203 7.93599642829313 -231077.626663775
996000 -231085.571977697 7.96946506164973 -231077.602512635
997000 -231085.462564112 7.89329363254759 -231077.569270479
998000 -231085.408845666 7.88889119123614 -231077.519954475
999000 -231085.388925828 7.92224438872296 -231077.466681439
1000000 -231085.340986101 7.92780153135984 -231077.41318457
