TimeStep simtime s1 s2 s3 p1 p2 p3 Px Py Pz
0 0.0 0.0 0.0 0.0 0.0 0.0 0.0 -17.6239800557732 -10.7071638827018 -13.624738012858
# Fix print output for fix pout0
0 0 0 0 0 0 0 0 0 0 0
5000 0.1275 6.19530658588216e-06 -5.09800000000291e-05 -3.88835078226281e-05 -0.00125532965387528 -0.0188375110890416 -0.00332410349047197 -17.5655801011577 -10.7740285652654 -13.675528827163
10000 0.3775 5.86424549584067e-05 -0.000150980000000024 -6.89369185210591e-05 -0.00205098279695231 -0.0308181417174793 -0.00258074273439971 -17.5641842806506 -10.897889806717 -13.6907766745483
15000 0.6275 0.000109907103396473 -0.000250979999999955 1.26307285805798e-05 -0.00120992417756296 -0.0290839516861287 -0.00443415216799358 -17.5867726397846 -10.9668293494226 -13.6880433006764
20000 0.8775 0.000157330962960074 -0.000350979999999991 7.32484414128991e-05 -0.00070898308803333 -0.0381345313921523 -0.00260677889161813 -17.5869582626312 -11.0331913390988 -13.6833105909764
25000 1.1275 0.000207424989361605 -0.000450980000000028 6.55389267413727e-05 -0.00176344414558617 -0.0403682632583816 -0.00259637528321035 -17.5802183538874 -11.061467543814 -13.6868869149687
30000 1.3775 0.00024576318035827 -0.000550980000000026 0.00015156045651071 -0.000873102468498239 -0.0508714507559192 -0.00449661215153559 -17.6062442560788 -11.029779420696 -13.6979792539973
35000 1.6275 0.000224405391465178 -0.000650979999999953 0.000237691110060047 -0.00196225502774256 -0.0519636709565361 -0.00187992664210038 -17.6009851471918 -11.0484485267149 -13.681821731444
40000 1.8775 0.000405318333918712 -0.00075097999999999 0.000109655085153642 -0.0010912537196958 -0.0651396675453906 -0.00473946312156119 -17.5974084791637 -11.0393256436454 -13.6892605415906
45000 2.1275 0.000401844907338207 -0.000850980000000027 0.000288167093325637 -0.000338206830297218 -0.054295926773296 -0.00270918222181473 -17.6296006175503 -10.9976126876372 -13.694672512075
50000 2.3775 0.000262813317535403 -0.000950980000000028 0.000432242256223148 -0.00272694031265396 -0.0751719202315348 -0.00187892171868143 -17.6067516302101 -11.0071757009726 -13.6998448234047
55000 2.6275 0.000574484306980373 -0.00105097999999995 0.000243038792980391 -0.000178225522459017 -0.0716190078172193 -0.00402298074353093 -17.6364720244679 -11.0857211176455 -13.6891106562403
60000 2.8775 0.00046820825259035 -0.00115097999999999 0.000412872272529978 -0.00216182726431483 -0.0795852347935555 -0.00252974995040298 -17.6303010157082 -11.1097098146415 -13.6969210503253
65000 3.1275 0.000536231444833693 -0.00125098000000003 0.000434809563093944 -0.00122971326606962 -0.0852001443385453 -0.0039880242389212 -17.6438923933122 -11.1011986360376 -13.6849501941267
70000 3.3775 0.000600038219485075 -0.00135098000000003 0.000492522920620912 -0.0010421754427903 -0.0859028719874776 -0.00334130279949844 -17.6371945578968 -11.1196785456312 -13.7080066805737
75000 3.6275 0.000631791601153978 -0.00145097999999995 0.00049702652017156 -0.0016181211249987 -0.100939423576161 -0.0036715547274263 -17.6539480600728 -11.0660626356395 -13.7045917619229
80000 3.8775 0.000647915981551315 -0.00155097999999999 0.000585664153458571 -0.00164196057609401 -0.0942945275755308 -0.00169819856798002 -17.6468832437639 -11.0454188036206 -13.6819236244219
85000 4.1275 0.000806251049285022 -0.00165098000000002 0.000549165815058559 -8.04821806109978e-05 -0.102577407738561 -0.00442441679682038 -17.6772812187813 -11.0312813842271 -13.7127930563117
90000 4.3775 0.00071297225140805 -0.00175098000000003 0.000681068201529975 -0.002363176116822 -0.115198698041794 -0.00227259129068314 -17.6533643957941 -11.0503895601017 -13.7006432584186
95000 4.6275 0.000815688278685712 -0.00185097999999995 0.000657948374384849 -0.000181818174230939 -0.121796309718119 -0.00363454884816704 -17.700246206398 -11.1319190443702 -13.7018301170313
100000 4.8775 0.000881939926290183 -0.00195097999999999 0.000732488678523139 -0.00258120044317112 -0.117736301434357 -0.00271415908087949 -17.6647996971898 -11.2012658396768 -13.7052531300732
105000 5.1275 0.000897874403372785 -0.00205098000000002 0.000732621785313558 -0.000560639997640801 -0.127694841696473 -0.00386549059827372 -17.6922731514586 -11.1829579436695 -13.7080005471405
110000 5.3775 0.000970235092742343 -0.00215098000000003 0.000815412733923325 -0.00196244470069673 -0.130009033262754 -0.00279977124865935 -17.6824417880681 -11.224506143276 -13.6838322092496
115000 5.6275 0.000926909908678544 -0.00225097999999995 0.000898584599302684 -0.00174047413034565 -0.146120397143039 -0.0031492320706403 -17.6888376221039 -11.1984480008317 -13.7234455816761
120000 5.8775 0.00112536154701208 -0.00235097999999999 0.000805098828881512 0.000548417292550336 -0.144200652466392 -0.00379715713692601 -17.7206212702586 -11.2987382955961 -13.6946848624563
125000 6.1275 0.00105459227441867 -0.00245098000000002 0.000965440760391512 -0.00310401381614555 -0.154744894797526 -0.00314402384631924 -17.7063760658352 -11.2800356201328 -13.7080967857486
130000 6.3775 0.0011130452885628 -0.00255098000000003 0.000980908210480619 -0.000444023728398576 -0.157284613686123 -0.002277778984845 -17.7114884276019 -11.2323343494327 -13.7093442569178
135000 6.6275 0.00121846963407993 -0.00265097999999995 0.000951132276238433 -0.00132176860284539 -0.168277511083174 -0.00458764973754644 -17.7323195423881 -11.2421834454909 -13.7036379085646
140000 6.8775 0.00115978156914642 -0.00275097999999998 0.00112574561101348 -0.00203071480711975 -0.168120150814309 -0.00151494746072209 -17.7315402949332 -11.3024034732027 -13.7088780967672
145000 7.1275 0.00127522977314001 -0.00285098000000002 0.00108823833730252 -0.000258893517722699 -0.176108854778367 -0.00376611640255151 -17.7215887214044 -11.2918951045932 -13.7111250632673
150000 7.3775 0.00132308764996838 -0.00295098000000004 0.00111613140443982 -0.0020965190396633 -0.18197158512639 -0.00362871657819866 -17.757514005541 -11.2683438387917 -13.7111876799299
155000 7.6275 0.00136033022485649 -0.00305097999999994 0.00118580141140536 -0.000744204245977733 -0.18727344281372 -0.00295613707015291 -17.7441423175394 -11.2880732935705 -13.7171069623415
160000 7.8775 0.00132367335941071 -0.00315097999999998 0.00126272577004116 -0.00208613913711893 -0.198570275907985 -0.00374880969354559 -17.7420267289337 -11.2675555663896 -13.7068312465064
165000 8.1275 0.00144631744248526 -0.00325098000000002 0.00128326649732919 -0.00125666269278414 -0.20184232348789 -0.0020358477901248 -17.7547821168776 -11.2731482082552 -13.7197234757008
170000 8.3775 0.00147735120069305 -0.00335098000000003 0.00129095474940072 -0.0014620209327144 -0.211415367267445 -0.00458780839363088 -17.7646053141343 -11.1997800472407 -13.7153885168317
175000 8.6275 0.00154324812592044 -0.00345097999999995 0.00133974099164327 -0.000454886469316035 -0.221015538633845 -0.00285654052578636 -17.7730618367602 -11.2217915318889 -13.719375741974
180000 8.8775 0.00152160926500085 -0.00355097999999998 0.00144476311934769 -0.0015947458173016 -0.224803370462444 -0.00276388842926916 -17.7675819652035 -11.2002455135721 -13.7170587421735
185000 9.1275 0.00158712618477345 -0.00365098000000002 0.00144840243032061 -0.00190512124401255 -0.229339217809631 -0.00313969543073159 -17.7817829706413 -11.2212528028703 -13.7268022678415
190000 9.3775 0.00164807877755996 -0.00375098000000003 0.00151264823396205 -0.000749792959283393 -0.237309986713393 -0.00257263582578199 -17.7834641512476 -11.1890506613912 -13.7213191938747
195000 9.6275 0.00166063945686078 -0.00385097999999995 0.0015728200669531 -0.00155041233375292 -0.244881513995235 -0.00431211069009907 -17.7939677439001 -11.2305702423545 -13.721491108627
200000 9.8775 0.00177352207566685 -0.00395097999999998 0.00150104858138322 -0.00146690910942688 -0.255230006484341 -0.00233727436702033 -17.8011392187649 -11.2547951139053 -13.7270608401343
205000 10.1275 0.00177865061492942 -0.00405098000000002 0.00162220799253211 -0.000672730721802971 -0.260127104753047 -0.00442040043722458 -17.8003735636944 -11.2489879566534 -13.7254771258764
210000 10.3775 0.00178233484497513 -0.00415098000000003 0.00171956651982652 -0.00275523838994993 -0.260064323384476 -0.00235420303522262 -17.8133318061021 -11.2407262724832 -13.7217386208715
215000 10.6275 0.00181400231495214 -0.00425097999999995 0.00172949293469073 -0.000483338627598678 -0.277625590140204 -0.00326210932656854 -17.8101729438445 -11.2472067932163 -13.7361696487615
220000 10.8775 0.00199624053482386 -0.00435097999999998 0.00168805539496163 -0.00108124328205145 -0.27369109199376 -0.00323836782009309 -17.8335679460421 -11.3063099813728 -13.7211219453872
225000 11.1275 0.00188386615604926 -0.00445098000000002 0.00185144425895657 -0.00188798978834667 -0.288019211147266 -0.00274049222118448 -17.8197597957524 -11.2777676325667 -13.7327861906361
230000 11.3775 0.00202860801464787 -0.00455098000000003 0.00181433104571663 -0.00034124385786042 -0.291119624431202 -0.00411797507452122 -17.8482079057851 -11.2751279782201 -13.7369264861247
235000 11.6275 0.0020057436876957 -0.00465097999999995 0.00191850892100157 -0.00258451294866395 -0.296319302846224 -0.00202440983821181 -17.8170385882198 -11.2488891783209 -13.7343036918022
240000 11.8775 0.00209479034909472 -0.00475097999999998 0.00190756132724944 -9.41752316007469e-05 -0.310509038743623 -0.00418251488705368 -17.8686242966034 -11.3076084620703 -13.7268686341153
245000 12.1275 0.0021150050678834 -0.00485098000000001 0.00199342751780052 -0.00262400731749292 -0.309634177640337 -0.00303765775006763 -17.8475919918251 -11.3178937441642 -13.7515129530444
250000 12.3775 0.0021989764609076 -0.00495098000000003 0.0019775232213706 -0.000728464279463377 -0.322573837068458 -0.00275507810029483 -17.8542736323286 -11.3217542066327 -13.7314650046451
255000 12.6275 0.00217536186244104 -0.00505097999999995 0.00209066106406795 -0.000876808592227068 -0.32399350850325 -0.00363371754892342 -17.8581207854793 -11.2902979542886 -13.7335997454781
260000 12.8775 0.00225539683642048 -0.00515097999999998 0.00212018868296305 -0.00238199162454735 -0.335691599306386 -0.00370152703976441 -17.8934987772245 -11.2806242690978 -13.739193663527
265000 13.1275 0.00231608201343377 -0.00525098000000001 0.0021285518992805 3.53181646653149e-05 -0.340897249888199 -0.00150422472216533 -17.8560392346559 -11.3083027990486 -13.7400605526341
270000 13.3775 0.00232109055653427 -0.00535098000000003 0.00220497702853798 -0.00209525988663957 -0.349407152563637 -0.00432187533141356 -17.8808015196901 -11.3270503370549 -13.739894132441
275000 13.6275 0.00238703618585901 -0.00545097999999995 0.00226177858826488 -0.0015364331873741 -0.352332681723792 -0.00301622844611718 -17.9039190548354 -11.3959376157775 -13.7493570974273
280000 13.8775 0.00244375429437065 -0.00555097999999998 0.00224397594486254 -0.000620923033191163 -0.376287164439459 -0.00329399203155201 -17.884334725857 -11.5228469824282 -13.7481485609503
285000 14.1275 0.00254439679080433 -0.00565098000000001 0.00225805087063234 -0.00108117014563889 -0.376430399921561 -0.00335402278029431 -17.9022027895688 -11.5906321781715 -13.7325353977668
290000 14.3775 0.00247063016997628 -0.00575098000000003 0.00239989627797511 -0.00344783299817113 -0.387751882505623 -0.00305285728653863 -17.908234914217 -11.579897536164 -13.7554126560105
295000 14.6275 0.002567880908791 -0.00585097999999995 0.00241231304247298 0.000347170296701605 -0.391407019192445 -0.00293040874278247 -17.919123247872 -11.5543015217088 -13.7465532932756
300000 14.8775 0.00262691635124496 -0.00595097999999997 0.00242307036579303 -0.00196751921612879 -0.405312441946444 -0.00253017967519535 -17.9142036924875 -11.6009551791236 -13.7505428956387
305000 15.1275 0.00270231654101677 -0.00605098000000001 0.00244231694487685 -0.000879280893574854 -0.40633877310372 -0.00495744283570332 -17.9423318233584 -11.6477169618854 -13.7402635314114
310000 15.3775 0.0026437439655879 -0.00615098000000002 0.0025911843468474 -0.00149951635251169 -0.417055117388502 -0.00204003201979726 -17.9224883821283 -11.5741292235523 -13.7520160818666
315000 15.6275 0.00280003260430427 -0.00625097999999995 0.00255048727873283 -0.000571018698366226 -0.417860244725797 -0.00328490364588388 -17.9407607228768 -11.4725179450224 -13.7569304411932
320000 15.8775 0.00273822788029603 -0.00635097999999997 0.00265144658712709 -0.00206401366688598 -0.445923203042963 -0.00341750848946984 -17.9384578966253 -11.314276992007 -13.7552570857773
325000 16.1275 0.00279104621631375 -0.00645098000000001 0.00269775702024146 -0.00170931819755711 -0.448761119407839 -0.00220160433917874 -17.9402463005472 -11.2431886289146 -13.7568545787235
330000 16.3775 0.00289138771601258 -0.00655098000000002 0.00269631742124451 -0.000490394310876944 -0.460330984302572 -0.00516973000846464 -17.9595244151888 -11.3087249866977 -13.7450969378792
335000 16.6275 0.002830760333204 -0.00665097999999996 0.0028190032264436 -0.00219842444585045 -0.463329122045461 -0.00162381339275709 -17.946078845458 -11.2677664066712 -13.7660775143004
340000 16.8775 0.00295834290826366 -0.00675097999999997 0.00282474641884829 -0.00047691113613926 -0.473826676779812 -0.00369298789543878 -17.9726686467708 -11.3037200430975 -13.7594326345007
345000 17.1275 0.00299755796250403 -0.00685098000000001 0.00281720351990982 -0.00240484544448477 -0.482603558318169 -0.00375040033215133 -17.9632824606525 -11.3010654667953 -13.7532895437494
350000 17.3775 0.00300460781110993 -0.00695098000000003 0.00295897444008421 4.51328727772829e-05 -0.486032101193605 -0.00211736290109661 -17.9748013554826 -11.3202564096589 -13.7629565630012
355000 17.6275 0.00307155359107362 -0.00705097999999996 0.00295708800485977 -0.0020622748084155 -0.49357935148107 -0.00434349964205226 -17.9864781073687 -11.2699641811483 -13.7557262098824
360000 17.8775 0.00307702370221591 -0.00715097999999997 0.00302946008579179 -0.00229334080220566 -0.499938122455605 -0.00175521787677236 -17.9768777068283 -11.3178586242225 -13.7705525491415
365000 18.1275 0.00314767016519899 -0.00725098000000001 0.0030545298653677 -0.000385028336507367 -0.512896500905161 -0.00396245378318351 -17.9998663657113 -11.3525973349677 -13.7594071563033
370000 18.3775 0.00325130722705949 -0.00735098000000002 0.00307021963974007 -0.000943794638244476 -0.512635665579471 -0.00356813173358947 -18.0122502146207 -11.2952010640929 -13.7690030900979
375000 18.6275 0.00322080182553111 -0.00745097999999996 0.00314722720032315 -0.00108710895370337 -0.524196913274883 -0.00245147548478045 -17.986564497037 -11.3486668802832 -13.7689345777585
380000 18.8775 0.00325986981769323 -0.00755097999999997 0.00321189103019935 -0.0018305018062587 -0.530635871730998 -0.00392093259415736 -18.0207041218512 -11.3189132772264 -13.7731106790603
385000 19.1275 0.00333023300931063 -0.00765098 0.00324748662286194 -0.00174165240373261 -0.538606248871541 -0.00229823397589095 -18.0159347099131 -11.3637031315352 -13.7655564267
390000 19.3775 0.00333516085021181 -0.00775098000000002 0.00330564134491604 -0.00045560014682495 -0.546534793175949 -0.00400965410616881 -18.0178354003805 -11.3121200913866 -13.7660247587478
395000 19.6275 0.0034517102508786 -0.00785097999999996 0.00330994227940976 -0.00251467118855519 -0.553438336513535 -0.00276446965841601 -18.0323723957456 -11.3092879846157 -13.7862114727127
400000 19.8775 0.00342792463869195 -0.00795097999999997 0.00340067190392999 -0.000104105077483927 -0.556282338351924 -0.00333233851859082 -18.0323900395252 -11.3240524519532 -13.7636856863509
405000 20.1275 0.00347797706815286 -0.00805098 0.00345401708886403 -0.00223569053714347 -0.573194689011956 -0.00314414926233331 -18.0357377403948 -11.4268077910092 -13.7730398213483
410000 20.3775 0.00355483749657295 -0.00815098000000002 0.00345025389147159 -0.00119859917193564 -0.575059496977581 -0.00301652208288803 -18.0511995863192 -11.3617112142171 -13.7833297197762
415000 20.6275 0.00361170986700094 -0.00825097999999996 0.00350139991101314 -0.00012657704194324 -0.582425876450128 -0.00374179453350796 -18.0516428362746 -11.3766840740094 -13.7743940042207
420000 20.8775 0.0035705432688637 -0.00835097999999997 0.00362046393916468 -0.00255856136710749 -0.594813710441548 -0.00254960959206839 -18.0525435844407 -11.348790022548 -13.7767185430402
425000 21.1275 0.00371061499354439 -0.00845098 0.00357754596501001 -0.00126329663920952 -0.592480146758797 -0.00368675815020126 -18.06674026011 -11.3725597346591 -13.7761316828624
430000 21.3775 0.00369603314465645 -0.00855098000000002 0.0036553467451465 -0.0010196031025934 -0.604358914875247 -0.00350503445054969 -18.073348853546 -11.312452044301 -13.7842289169393
435000 21.6275 0.00371369353198811 -0.00865097999999996 0.0037934916606294 -0.00203290058183494 -0.621262312585073 -0.00291778242140191 -18.0679829964821 -11.0243338682871 -13.7845508857681
440000 21.8775 0.0038134722927126 -0.00875097999999997 0.00373670214413696 0.000415670236548951 -0.630710279055426 -0.00327871978869958 -18.0661321682237 -10.8218937406691 -13.7846873462795
445000 22.1275 0.0037828959280111 -0.00885098 0.00384016175097964 -0.00176451498573139 -0.650028956555804 -0.0022849847350321 -18.0757200555847 -10.515186193387 -13.7843179875162
450000 22.3775 0.00379770613745248 -0.00895098000000002 0.00393183410733987 -0.00306479893933205 -0.665251343816833 -0.00375524584056227 -18.0669098699366 -10.3103491429062 -13.7892219644823
455000 22.6275 0.00384448095156346 -0.00905097999999996 0.00395909902644358 0.000526779142492128 -0.677600079968654 -0.00326547251478349 -18.0532917900743 -10.3208167649323 -13.7808493550341
460000 22.8775 0.00392045478846768 -0.00915097999999996 0.00397756278064594 -0.00226574112503862 -0.679192223893383 -0.00312964489494413 -18.0976041109548 -10.3348924541683 -13.7861935526112
465000 23.1275 0.00395210753906111 -0.00925098 0.00403480189522761 -0.00194575172419366 -0.694856490388765 -0.0030464117984075 -18.0793373104597 -10.3153443824113 -13.7949586652047
470000 23.3775 0.00401703125052597 -0.00935098000000001 0.00407902600550887 0.000154903692211551 -0.690275147908221 -0.00347511866856278 -18.0974716041059 -10.2528777477735 -13.7829362564773
475000 23.6275 0.00404305324306418 -0.00945097999999996 0.00413064195665594 -0.00230272185859198 -0.704326140125708 -0.00363206529340796 -18.1037524397855 -10.0625746275856 -13.7928740795308
480000 23.8775 0.00406184378181028 -0.00955097999999996 0.00420416451885376 -0.00106047587152846 -0.718272224452518 -0.00299024715406982 -18.0912909062348 -9.98719672037099 -13.7932908900664
485000 24.1275 0.00410546304629395 -0.00965098 0.00424909856810341 -0.00171940286235209 -0.723839172111994 -0.0019685265867674 -18.1175580875516 -9.96851099912302 -13.7887040288001
490000 24.3775 0.00419024496102269 -0.00975098000000001 0.00426924059495522 -0.000755497923964913 -0.732243824893976 -0.00438705858765703 -18.1154361240445 -9.8071390641827 -13.7922052453599
495000 24.6275 0.00419863627072773 -0.00985097999999996 0.00430696616648087 -0.00212325065710651 -0.753280562387108 -0.00271097138385948 -18.1205291810498 -9.87880058016505 -13.7926871927153
500000 24.8775 0.00424711958737866 -0.00995097999999996 0.00438622901172518 -0.000495784688814125 -0.746284098136858 -0.00381788592357248 -18.1407884492469 -9.68349844080316 -13.789586918568
505000 25.1275 0.00433123243955696 -0.01005098 0.00438866526158783 -0.00129815247386928 -0.764930709898995 -0.00336165761151969 -18.139219125188 -9.70595482816541 -13.7977948494524
510000 25.3775 0.00429455528710449 -0.01015098 0.00448981277924584 -0.00175167489089387 -0.784932793355397 -0.00285890621159548 -18.1282847416967 -9.64161811178977 -13.8010979253822
515000 25.6275 0.00439434388833627 -0.01025098 0.00452641634435112 -0.000842368215406928 -0.782387055412831 -0.00339269816267208 -18.1510429916223 -9.47199872102525 -13.803764408641
520000 25.8775 0.00436253838506366 -0.01035098 0.00462209104000679 -0.00189066091572298 -0.794612103751679 -0.00207488364929098 -18.1535110213261 -9.45936779254857 -13.7984468139622
525000 26.1275 0.00446618120034304 -0.01045098 0.00460143209926267 -0.00151728504138199 -0.805981682050788 -0.00335042377089947 -18.1504626881837 -9.44235372489053 -13.8102290209638
530000 26.3775 0.00454946020709426 -0.01055098 0.00461654472430966 -0.000528087467225327 -0.812206926201048 -0.00432666050565478 -18.1711004734661 -9.13673097393585 -13.7920496301352
535000 26.6275 0.00454810852954339 -0.01065098 0.00469530934604633 -0.00235847770225718 -0.829971612791012 -0.00332236744290604 -18.1654781777655 -8.68814809119903 -13.8114668293296
540000 26.8775 0.00457767442870675 -0.01075098 0.00475933299201935 -0.000260750996332524 -0.856349301484263 -0.0029024450000048 -18.1617827944589 -8.21484041999364 -13.8215571235422
545000 27.1275 0.00463611482504029 -0.01085098 0.0047755477245471 -0.00172682413252268 -0.886564653731806 -0.00237433206592687 -18.1746356885393 -7.68941551410053 -13.8015196823077
550000 27.3775 0.00467154044349015 -0.01095098 0.00480008330986738 -0.00180309046983185 -0.911228639276141 -0.0034914806297484 -18.1676835023202 -7.34090875487461 -13.8182539483679
555000 27.6275 0.00474466190651647 -0.01105098 0.00484120268238734 -0.00096246348300531 -0.916728790815674 -0.003012859739381 -18.1731164942945 -6.97482221143198 -13.8171213950276
560000 27.8775 0.00475412690017723 -0.01115098 0.00491554877501373 -0.000575608112424295 -0.948567419896896 -0.00367747274720659 -18.183505538201 -6.66728575303357 -13.8065492384232
565000 28.1275 0.00480911660858294 -0.01125098 0.00492052751907273 -0.00204179337689486 -0.952117045999962 -0.00279772992100232 -18.1715761152941 -6.29618971675827 -13.8118237795478
570000 28.3775 0.00488019214964451 -0.01135098 0.00493215866470848 -0.00140302609285821 -0.985430358261456 -0.00341771871482477 -18.1775855349749 -5.64351454017676 -13.8143804097401
575000 28.6275 0.00484242381545786 -0.01145098 0.00501435834738526 -0.00162126958361354 -1.04503321211742 -0.00395941223645087 -18.1600782493203 -4.9395017830173 -13.7948714872235
580000 28.8775 0.00488984032062639 -0.01155098 0.00508277933350014 -0.00181906056619404 -1.05536204236339 -0.00256730813946176 -18.1511891541009 -4.92418445798952 -13.8010609040101
585000 29.1275 0.00498991851353853 -0.01165098 0.00507998054321746 -0.00028312047724387 -1.06169729159633 -0.00327824736582742 -18.176055118504 -5.00922121120941 -13.8154226727224
590000 29.3775 0.0050559900313355 -0.01175098 0.00510492760228205 -0.00134667601570243 -1.05647822065624 -0.00260556877094383 -18.1923703795695 -5.17563808644184 -13.8025166734979
595000 29.6275 0.00504757672728257 -0.01185098 0.00520284613799857 -0.000631474628684998 -1.07244949943678 -0.00423045295845721 -18.1744798752184 -5.19003072332178 -13.8062764057485
600000 29.8775 0.00509189076221069 -0.0119509799999999 0.00526674430888549 -0.00294324872449895 -1.0819985290612 -0.00209792809182196 -18.1875615391196 -5.23417208256513 -13.8228393705507
605000 30.1275 0.00511669779293599 -0.01205098 0.00528768669263242 -0.000859372990048051 -1.09320108700696 -0.00411786391933093 -18.1885020364942 -5.31946347596544 -13.8048185557979
610000 30.3775 0.00527719144797749 -0.01215098 0.00529130613897926 -0.000390785442048381 -1.07834128713616 -0.00270430622974993 -18.2263477545926 -5.51920779229775 -13.8094295624654
615000 30.6275 0.00520907900769485 -0.01225098 0.00541044062321633 -0.00227299462788457 -1.10462719259274 -0.00281431619102828 -18.1997073809618 -5.48498967427548 -13.8152616498882
620000 30.8775 0.00526328164915873 -0.0123509799999999 0.0054315608088389 -0.00113911809807204 -1.12133162431681 -0.00362373043211511 -18.2031083315903 -5.50461033309993 -13.8126316960899
625000 31.1275 0.00536262357084085 -0.01245098 0.00546773659017482 -0.00161841992250981 -1.11930463495718 -0.00308926794285548 -18.2291555460286 -5.62929731637051 -13.813833570847
630000 31.3775 0.0053985514084429 -0.01255098 0.00551185083162487 -0.000581129525700982 -1.12720586771621 -0.00367843136587972 -18.223030383649 -5.72163436927536 -13.8301102349184
635000 31.6275 0.00543347434610912 -0.01265098 0.00557108698183498 -0.00129882088888179 -1.13080876033857 -0.0024849055474581 -18.235773690917 -5.82702636779746 -13.8082048458127
640000 31.8775 0.00547725928940695 -0.0127509799999999 0.0056375114294505 -0.00158055475825745 -1.14200614401505 -0.00287770339140631 -18.2416924131072 -5.87539808660062 -13.8221505334611
645000 32.1275 0.00549380752802587 -0.01285098 0.00568491705641159 -0.00152757046660896 -1.15084246944537 -0.00445888255907851 -18.2448594092997 -5.96191124452206 -13.825013208816
650000 32.3775 0.00557391689253112 -0.01295098 0.00570731835671094 -0.00219911088981168 -1.15270468169653 -0.0026757503952416 -18.2487207619409 -6.08448816430908 -13.8220788764523
655000 32.6275 0.00568532638283901 -0.01305098 0.00571605244269426 -0.00011033121274884 -1.14964059608713 -0.00319639942914783 -18.2806026934837 -6.24072821582649 -13.8203902457517
660000 32.8775 0.00558733190931204 -0.01315098 0.00589213258589571 -0.00120342138190956 -1.18162869516664 -0.00293033442944891 -18.2571625959736 -6.15738173993363 -13.8360803546554
665000 33.1275 0.00572678823330449 -0.01325098 0.00585827339157782 -0.00195017778216141 -1.18370788718465 -0.00236411313403382 -18.2783825738649 -6.2711630175794 -13.8190263899448
670000 33.3775 0.00577944117961284 -0.01335098 0.00587612006262314 -0.00150687547348872 -1.18699965695076 -0.00434524318923085 -18.2835657208014 -6.40816176249155 -13.829731052594
675000 33.6275 0.00583824167734711 -0.01345098 0.00592603880858671 -0.00076141396728311 -1.19325333620853 -0.00353926811764988 -18.2886856004172 -6.50446696236336 -13.832940953975
680000 33.8775 0.00581647998542176 -0.01355098 0.00607692268927389 -0.00146107188372368 -1.19816948393806 -0.00217356884542019 -18.2847609750408 -6.60649416935576 -13.8288259889801
685000 34.1275 0.00590582709986787 -0.01365098 0.00604289745530542 -0.00142240146407216 -1.21208634693572 -0.00413429629095352 -18.3068870963922 -6.6567100773296 -13.8343557083784
690000 34.3775 0.00593571469942738 -0.01375098 0.00610553883937512 -0.00197862974240699 -1.21222621570349 -0.00206353670919824 -18.2988322890681 -6.82484079521371 -13.829655411262
695000 34.6275 0.00602858452105584 -0.01385098 0.00614166946501914 -0.000140716452718389 -1.21799402837238 -0.00426123721736597 -18.3209582098411 -6.9101309217619 -13.8336614884447
700000 34.8775 0.00602713388233384 -0.0139509799999999 0.00622093718018672 -0.00195759409868665 -1.23356868362328 -0.00221080567042881 -18.3209883330892 -6.95514531885614 -13.8352730198614
705000 35.1275 0.00609236483962934 -0.01405098 0.00623260635973624 -0.00053519484813451 -1.25586688649526 -0.00411876031322085 -18.3152591273568 -6.93338042924595 -13.8376314187659
710000 35.3775 0.0061316572926102 -0.01415098 0.00632196693569097 -0.00247742863748409 -1.24131970851009 -0.00342925201186172 -18.3378149675552 -7.21756787616845 -13.8385937227928
715000 35.6275 0.00618925047078973 -0.01425098 0.00634447397047763 -0.00139519209460847 -1.25275972252153 -0.00235442207534922 -18.3380294626403 -7.29870028102257 -13.8424197738044
720000 35.8775 0.006237683032765 -0.0143509799999999 0.00640509334526129 -0.000276105545595092 -1.26276333005342 -0.0036644212239185 -18.3344740658846 -7.36647455345748 -13.8469150256198
725000 36.1275 0.00624373162930479 -0.01445098 0.00648667676664231 -0.00250502237803739 -1.26994146364575 -0.00243207897348621 -18.35098608232 -7.48430962652098 -13.8380207690509
730000 36.3775 0.00636732429129065 -0.01455098 0.00645457847658423 6.01424085209789e-05 -1.28517132565877 -0.00388877112040545 -18.3646930170632 -7.52611306100483 -13.8429940476194
735000 36.6275 0.00641030184340868 -0.01465098 0.0065268267078022 -0.00143823420307742 -1.2635843912349 -0.0032571789305474 -18.3777076737842 -7.91887261165554 -13.8521349472109
740000 36.8775 0.00636642402585327 -0.0147509799999999 0.00664617951521507 -0.00258065728224897 -1.29824878616255 -0.00318808108754773 -18.3540680638223 -7.76831636909985 -13.844146568417
745000 37.1275 0.00646011268553762 -0.01485098 0.00665237846740278 -0.000349544217786092 -1.31582507850677 -0.00271155813234242 -18.3789473289683 -7.77559108555917 -13.8476008698581
750000 37.3775 0.0065468706572269 -0.01495098 0.00668458374957306 -0.00171900162670168 -1.31135050834176 -0.0028654939154398 -18.3898608764489 -8.0221748786394 -13.8512418795421
755000 37.6275 0.00657000844715142 -0.01505098 0.00672998703865001 -0.00121520297621651 -1.31209041769716 -0.00397652504158428 -18.3871932572776 -8.23197467245889 -13.8561499667558
760000 37.8775 0.00662160147036395 -0.01515098 0.00679174101807726 -0.00111869626519882 -1.32046846886779 -0.00334288310433369 -18.3956030405195 -8.34216088270542 -13.8497737388256
765000 38.1275 0.00662833754533511 -0.01525098 0.00688255644924527 -0.00242850785461136 -1.33856602311176 -0.0026433831970552 -18.396019642648 -8.34812399128235 -13.8528902723633
770000 38.3775 0.00672226186155647 -0.01535098 0.00687306591178444 -0.000234831509313754 -1.34136314512186 -0.00339799486482049 -18.4110591219311 -8.54685084459684 -13.8617222109397
775000 38.6275 0.00676743050562149 -0.01545098 0.0069485360715863 -0.00113799864599134 -1.33647255233347 -0.00291705842262785 -18.4132745223989 -8.83021564199732 -13.8482905511088
780000 38.8775 0.00682271065736576 -0.01555098 0.00697491898091645 -0.00191497999123871 -1.34095451134586 -0.00392779250978712 -18.4257251128064 -9.04572616752279 -13.8559971764293
785000 39.1275 0.00684534458063543 -0.01565098 0.00705246664948749 -0.00114519618760554 -1.37956265429826 -0.00283020170440347 -18.4179821380722 -8.78896319539408 -13.8686633491071
790000 39.3775 0.00687058424083351 -0.01575098 0.00712008135147763 -0.00143322429786111 -1.38545612680279 -0.00278784696479389 -18.4311435335652 -8.96733210236262 -13.855576169212
795000 39.6275 0.00694271923973583 -0.01585098 0.00714639244692171 -0.00181631014140222 -1.37300535223392 -0.00380285519086809 -18.4342720351607 -9.47812677613235 -13.8701684554126
800000 39.8775 0.00707492726641434 -0.01595098 0.00713521302979283 -6.59412248378158e-05 -1.37303604297624 -0.0028745813900275 -18.460224663265 -9.68896334600783 -13.8723487584579
805000 40.1275 0.00697955693690922 -0.01605098 0.00732326796972179 -0.00238470571642065 -1.38326645635767 -0.00330699998823721 -18.4467295461137 -9.85361995729296 -13.8546307913059
810000 40.3775 0.00708127986107268 -0.01615098 0.00729169865963108 -0.000662934858213064 -1.41187653237329 -0.00349148027125352 -18.4499040774911 -9.68497613896272 -13.8643933072617
815000 40.6275 0.00717670175040779 -0.01625098 0.00728500452671196 -0.00178021171882707 -1.42562635264088 -0.00311982684898163 -18.4633208487068 -9.81293660097817 -13.8705396024219
820000 40.8775 0.00716398557088986 -0.01635098 0.00744392120801535 -0.0013613119949869 -1.39755690410831 -0.00244263161590911 -18.4696130309358 -10.799197856403 -13.8679666497981
825000 41.1275 0.00721737899220925 -0.01645098 0.00749555075814054 -0.000771446920791005 -1.40349820730827 -0.00314811652333404 -18.4778465390786 -11.2706054689054 -13.8771423023889
830000 41.3775 0.00733462260172575 -0.01655098 0.00742369427578624 -0.00256131681025228 -1.43937794991386 -0.00405509315944194 -18.48016404311 -10.8872352591149 -13.8730089246557
835000 41.6275 0.00731802176904382 -0.01665098 0.0075485504006177 3.73975609061437e-05 -1.46633109149557 -0.00326191435123235 -18.4810511231707 -10.5130877066588 -13.8691042702906
840000 41.8775 0.00734515337640516 -0.01675098 0.00762974963601114 -0.0016812840531296 -1.46784663700141 -0.0024295293054431 -18.4841719712185 -10.8674591422119 -13.8839629617392
845000 42.1275 0.00741092785700428 -0.01685098 0.00763968982491414 -0.00203395060134787 -1.48472103224163 -0.00355714023542495 -18.4828437862726 -11.0445792152919 -13.8727595468725
850000 42.3775 0.00747566987217773 -0.01695098 0.00769511878099415 -0.000173011277710327 -1.4752525076835 -0.00327243738545325 -18.4975302046754 -11.9362053150826 -13.8734057170397
855000 42.6275 0.00751361316965235 -0.01705098 0.00774686600571608 -0.00250777411362054 -1.49342138957793 -0.00212472141625574 -18.5011939873517 -13.0438783936713 -13.884688895026
860000 42.8775 0.00756782510564677 -0.01715098 0.00778426525038581 -0.000651474489306313 -1.50832596943543 -0.00452000671649188 -18.5042629252619 -12.9351291609738 -13.8683768596421
865000 43.1275 0.00760334272048793 -0.01725098 0.00782255233986122 -0.00172039338689136 -1.52530438677799 -0.00305638375505569 -18.5049662234202 -12.6730255360566 -13.8831674993465
870000 43.3775 0.00766920733638281 -0.01735098 0.00788707815236631 -0.000778460111362459 -1.5467890547073 -0.00294516506801531 -18.5133166125003 -12.1934950157412 -13.8778121873955
875000 43.6275 0.00769174941913662 -0.01745098 0.00791956490586963 -0.00178126919667821 -1.5768901855847 -0.0037701883764614 -18.5124155364339 -11.8157172456372 -13.8822272527078
880000 43.8775 0.00772266644757693 -0.01755098 0.00799495461636063 -0.000741285843566441 -1.59610776410601 -0.00255651430531067 -18.5120116202732 -11.8622776426169 -13.8809408089735
885000 44.1275 0.00779390239748034 -0.01765098 0.00800201658843549 -0.00206118813489242 -1.60338760655351 -0.00364759926986279 -18.5256729609832 -12.5289107915981 -13.8830357380219
890000 44.3775 0.00779765640485779 -0.01775098 0.0081216599749367 -0.00102849809680385 -1.61885127025471 -0.00258106700863067 -18.513216209162 -12.9644325389173 -13.8811777194366
895000 44.6275 0.00791045611580877 -0.01785098 0.00807092996121563 -0.00129371835789784 -1.63995924812312 -0.00327684891542073 -18.5347680009314 -12.7519552506666 -13.8839844700132
900000 44.8775 0.00793145753233911 -0.01795098 0.00814665344784318 -0.00124796620218632 -1.66363660103568 -0.0035739986640307 -18.5244096955108 -12.3544984745323 -13.8845522551917
905000 45.1275 0.00793861108715758 -0.01805098 0.00822897821745649 -0.00122809478794525 -1.68365153768239 -0.00342915823155307 -18.5328781539667 -12.6206420859442 -13.8838884655837
910000 45.3775 0.00801524697438127 -0.01815098 0.00826742467848278 -0.00216653294872636 -1.69759128355236 -0.00216026266935339 -18.5403716855896 -13.0822535282062 -13.8973821942645
915000 45.6275 0.00809041184677731 -0.01825098 0.00826141648932391 5.71126161591854e-05 -1.71730383209497 -0.00399254301972088 -18.5329291545163 -12.6342204223796 -13.8869589229541
920000 45.8775 0.00807194714551319 -0.01835098 0.00837420454867314 -0.00248592067079422 -1.74225674644844 -0.00298388943878982 -18.5386590735004 -12.7249984742827 -13.8888011517609
925000 46.1275 0.00816802940449591 -0.01845098 0.00838939362273709 -0.000812647424541888 -1.76283768498122 -0.00273345871363025 -18.5542908025387 -12.3417543583763 -13.8925668773288
930000 46.3775 0.00815948301348416 -0.01855098 0.00846101823532851 -0.000635233387117626 -1.7815212915237 -0.00372249441406582 -18.5429672403848 -12.4553013875666 -13.8897432956311
935000 46.6275 0.00824660004118253 -0.01865098 0.00846734414962319 -0.00301021476690557 -1.79907350182555 -0.00258872064326001 -18.5561449297562 -13.0590998838273 -13.8927735928997
940000 46.8775 0.00829551372965062 -0.01875098 0.00851996184424192 -0.000177218864886888 -1.81708480150009 -0.0045659702961653 -18.5536156203088 -12.8692832673046 -13.8920009685617
945000 47.1275 0.00832362674155598 -0.01885098 0.00859679171184829 -0.00105031028098384 -1.83793696010314 -0.00211623624882466 -18.5559576035769 -12.8668858198985 -13.8920220014803
950000 47.3775 0.00834969513221481 -0.01895098 0.00863029442955212 -0.0026709223977653 -1.86009046939179 -0.00318974029978192 -18.5631489027488 -12.6932129145649 -13.9020315280038
955000 47.6275 0.00843592902214079 -0.01905098 0.00866057346737054 -0.000205471501675676 -1.87622740331747 -0.00394343113500787 -18.5698676995192 -12.7971363178937 -13.8944152655691
960000 47.8775 0.00844931565993977 -0.01915098 0.00875255688705561 -0.0016567090423954 -1.89711373964771 -0.00168153627021319 -18.553317205185 -12.90636802623 -13.8967749158197
965000 48.1275 0.0084985142891094 -0.01925098 0.0087620271147307 -0.00114443196656269 -1.92042944337643 -0.00472123347131978 -18.5770327269366 -12.7124818277472 -13.89669821865
970000 48.3775 0.00856142091255315 -0.01935098 0.00880044188369592 -0.00169327911799065 -1.93932222993284 -0.00273046137868495 -18.5743102156172 -12.7157316429651 -13.900902830036
975000 48.6275 0.00857054833357507 -0.01945098 0.00887837939649699 -0.00106083124282845 -1.96029145884852 -0.00347143461145692 -18.5690715315409 -12.6590720222047 -13.8991477979773
980000 48.8775 0.00865524086974279 -0.01955098 0.00891309532035449 -0.00157186811422193 -1.97735786149235 -0.00300019376737841 -18.5799042801707 -12.9417764313769 -13.9047029790625
985000 49.1275 0.00867836760002481 -0.01965098 0.00896716523333414 -0.00104045859615717 -1.99733480967558 -0.00287921506899062 -18.5860495224124 -13.076009389745 -13.9031624683179
990000 49.3775 0.00872637686210664 -0.01975098 0.00899741177130668 -0.00136243445813996 -2.020148985329 -0.00329312471916336 -18.5804234366522 -12.7988975355552 -13.8986734876533
995000 49.6275 0.00878085732947276 -0.01985098 0.00905940907667038 -0.00168547438497491 -2.03792031185338 -0.0027255073563692 -18.5901848219327 -12.7683382361595 -13.9106047854882
1000000 49.8775 0.00880673118268909 -0.01995098 0.00910918453578098 -0.00107307147888127 -2.05957702154823 -0.00406439117414591 -18.5987804862825 -12.7808378926479 -13.9083121928999
