TimeStep	simtime	s1	s2	s3	p1	p2	p3	Px	Py	Pz
10000	0.2525	0.00023219	-0.00010098	-0.000236665	0.010135349	-0.059369619	0.004479457	-1.211874106	27.27551164	0.009210733
20000	0.7525	0.000731123	-0.00030098	-0.000521911	0.011048316	-0.019703007	0.005872262	-1.549541662	26.99260012	-0.036065513
30000	1.2525	0.000988353	-0.00050098	-0.000619181	0.010582478	-0.012439351	0.004723465	-1.69638705	26.83795542	0.032521632
40000	1.7525	0.000753024	-0.00070098	-0.000158749	0.010012671	-0.036268165	0.005787421	-1.53682293	26.82704441	0.010777922
50000	2.2525	0.000736096	-0.00090098	-3.01E-05	0.009459837	-0.08270314	0.005197787	-1.470766995	26.85419518	-0.03987472
60000	2.7525	0.001191112	-0.00110098	-0.000274278	0.010582739	-0.051575796	0.004999946	-1.770613779	26.60334173	0.019167162
70000	3.2525	0.001508167	-0.00130098	-0.000400998	0.010731721	-0.035138159	0.004530572	-1.96380045	26.41363884	0.008054006
80000	3.7525	0.001429059	-0.00150098	-0.000131546	0.010903535	-0.063400123	0.00488609	-1.883127402	26.39724203	-0.02903245
90000	4.2525	0.001298621	-0.00170098	0.000156774	0.01067147	-0.105350037	0.005195632	-1.763180514	26.42027965	0.006635795
100000	4.7525	0.001609861	-0.00190098	1.95E-05	0.010365858	-0.091628984	0.004893438	-1.958335625	26.23096777	0.008643565
110000	5.2525	0.001956664	-0.00210098	-0.000114635	0.010310396	-0.057260155	0.005245794	-2.190283706	25.95927989	-0.014369568
120000	5.7525	0.001889591	-0.00230098	0.000102188	0.010285659	-0.096466769	0.004573148	-2.102161285	25.97015896	-0.000985716
130000	6.2525	0.001850381	-0.00250098	0.000341601	0.011000125	-0.129493929	0.005531232	-2.052000155	25.97535955	0.007438932
140000	6.7525	0.002062622	-0.00270098	0.000293115	0.010152709	-0.12817028	0.004698167	-2.171730318	25.82353049	-0.004944437
150000	7.2525	0.002346266	-0.00290098	0.000228249	0.009858329	-0.093397755	0.005879527	-2.367159049	25.52939101	-0.003274116
160000	7.7525	0.002428984	-0.00310098	0.000295697	0.010360756	-0.121344353	0.005008881	-2.382294732	25.4989123	0.018598692
170000	8.2525	0.002374746	-0.00330098	0.000515123	0.010517056	-0.170559803	0.004763542	-2.306053148	25.55452624	-0.008233015
180000	8.7525	0.002465824	-0.00350098	0.000649916	0.010483175	-0.160509095	0.005576887	-2.365778858	25.36889495	-0.009040172
190000	9.2525	0.002831456	-0.00370098	0.000451711	0.010283728	-0.141757184	0.004727063	-2.585550345	25.1239311	0.027290309
200000	9.7525	0.002988081	-0.00390098	0.000475297	0.010787227	-0.153525667	0.005035846	-2.668372731	25.0182669	-0.019980591
210000	10.2525	0.002870172	-0.00410098	0.000762998	0.010454405	-0.202516493	0.004766517	-2.551678617	25.07587787	-0.010184008
220000	10.7525	0.00295581	-0.00430098	0.000872404	0.010748526	-0.210367832	0.004705843	-2.587256863	24.95282312	0.032466048
230000	11.2525	0.00327916	-0.00450098	0.000760604	0.010337066	-0.176603754	0.005642079	-2.805983945	24.65135873	-0.02614197
240000	11.7525	0.003428014	-0.00470098	0.000770789	0.010091594	-0.188836051	0.005307656	-2.880977496	24.53097246	-0.007671764
250000	12.2525	0.003377599	-0.00490098	0.000980811	0.010757163	-0.242689324	0.004619846	-2.794654625	24.60264369	0.022020947
260000	12.7525	0.00341771	-0.00510098	0.00116243	0.010641447	-0.249121013	0.004964922	-2.807306642	24.48295813	-0.030295722
270000	13.2525	0.003677458	-0.00530098	0.001103862	0.009767099	-0.222107627	0.005721066	-2.986278667	24.18775658	0.008301571
280000	13.7525	0.00391757	-0.00550098	0.001020026	0.010193804	-0.228196736	0.005052212	-3.113426621	24.02850642	0.022538602
290000	14.2525	0.003905651	-0.00570098	0.001196605	0.01112413	-0.279176742	0.004748836	-3.050888274	24.09614931	-0.043021597
300000	14.7525	0.003865348	-0.00590098	0.001455034	0.010178927	-0.296928245	0.005069575	-3.016137734	24.02327704	0.019428359
310000	15.2525	0.004133724	-0.00610098	0.001398724	0.010031827	-0.267311311	0.005462766	-3.196055126	23.70122285	0.018703849
320000	15.7525	0.004425708	-0.00630098	0.00126396	0.010740975	-0.265447432	0.004728589	-3.353354913	23.49531542	-0.04006293
330000	16.2525	0.004418892	-0.00650098	0.001431243	0.010904369	-0.318788985	0.004409413	-3.298608448	23.57675421	0.018608187
340000	16.7525	0.004329079	-0.00670098	0.001745803	0.010129994	-0.340613459	0.005795218	-3.233785672	23.51991785	0.012038322
350000	17.2525	0.004581557	-0.00690098	0.001706231	0.010393259	-0.311441791	0.005396178	-3.397043053	23.19218121	-0.029623728
360000	17.7525	0.004869385	-0.00710098	0.00158355	0.01029406	-0.303467631	0.004697065	-3.558044142	22.94692096	0.027893487
370000	18.2525	0.004905614	-0.00730098	0.001693347	0.010772528	-0.356113992	0.004860653	-3.533470347	23.01652218	-0.007438821
380000	18.7525	0.004827861	-0.00750098	0.001994285	0.010276131	-0.384378595	0.005046307	-3.464960988	22.99169852	-0.020718636
390000	19.2525	0.004993086	-0.00770098	0.002065222	0.010322077	-0.358750522	0.005743379	-3.571017375	22.67673733	0.029352822
400000	19.7525	0.005342328	-0.00790098	0.001872813	0.0104471	-0.346018041	0.004759069	-3.777291192	22.38628373	-0.010509117
410000	20.2525	0.005453154	-0.00810098	0.001902005	0.010639644	-0.391115301	0.004499981	-3.800433275	22.40896017	-0.021325809
420000	20.7525	0.00530367	-0.00830098	0.002288425	0.010302261	-0.42896559	0.005758848	-3.679095545	22.44314957	0.027215755
430000	21.2525	0.005460219	-0.00850098	0.002363977	0.010300727	-0.408385239	0.004767566	-3.777870462	22.14084589	-0.01933853
440000	21.7525	0.005815922	-0.00870098	0.002164201	0.010548491	-0.385333812	0.004953552	-3.997487786	21.76366735	-0.004005173
450000	22.2525	0.005980299	-0.00890098	0.00215878	0.011249285	-0.423748565	0.005055429	-4.048935701	21.75592112	0.016722292
460000	22.7525	0.005758406	-0.00910098	0.002594978	0.00940405	-0.471689792	0.005039462	-3.883526885	21.84927356	-0.016918241
470000	23.2525	0.005896757	-0.00930098	0.002706272	0.010607687	-0.458164914	0.005629456	-3.96845937	21.57122087	0.005322659
480000	23.7525	0.006316089	-0.00950098	0.002438541	0.010467963	-0.42640818	0.00466613	-4.225723614	21.11314933	0.009848936
490000	24.2525	0.006458189	-0.00970098	0.002451673	0.010453262	-0.459920186	0.005176779	-4.266769026	21.07265014	-0.017728608
500000	24.7525	0.006269245	-0.00990098	0.002872067	0.010374184	-0.5142246	0.005276842	-4.119140534	21.2126579	0.012468711
510000	25.2525	0.006380817	-0.01010098	0.002985731	0.010260501	-0.510884572	0.004554034	-4.178376472	20.97288022	0.008610379
520000	25.7525	0.006777656	-0.01030098	0.002766368	0.010748193	-0.471821212	0.005566417	-4.42359729	20.44746134	-0.018773636
530000	26.2525	0.006935567	-0.01050098	0.002773692	0.010046953	-0.489276037	0.005019435	-4.495446764	20.28413551	0.014884108
540000	26.7525	0.006805144	-0.01070098	0.003118152	0.010776357	-0.553373693	0.004946688	-4.366190684	20.49937243	0.001987345
550000	27.2525	0.006858473	-0.01090098	0.003287264	0.010579906	-0.56470192	0.004782112	-4.378689651	20.3460348	-0.008435718
560000	27.7525	0.007184034	-0.01110098	0.003157133	0.009646073	-0.515482979	0.005367499	-4.598709911	19.6928725	0.016131047
570000	28.2525	0.007467742	-0.01130098	0.003055617	0.011369244	-0.514753594	0.005483402	-4.748453122	19.35834017	-0.006321282
580000	28.7525	0.007342337	-0.01150098	0.003357419	0.010255699	-0.588450606	0.004165406	-4.612538701	19.68415812	-0.009029084
590000	29.2525	0.007296354	-0.01170098	0.003654601	0.009987777	-0.611193066	0.005837275	-4.56901501	19.60795944	0.016083348
600000	29.7525	0.007660909	-0.01190098	0.003475741	0.010508595	-0.569841746	0.005148074	-4.797710428	18.92400332	-0.012863497
610000	30.2525	0.007991817	-0.01210098	0.00332788	0.011040538	-0.545097413	0.004372876	-4.986849583	18.32189358	-0.007108137
620000	30.7525	0.007869157	-0.01230098	0.003654751	0.009887894	-0.600838652	0.005405348	-4.8772183	18.5303579	0.01559691
630000	31.2525	0.007817295	-0.01250098	0.00393687	0.010543188	-0.656153577	0.005555199	-4.799437072	18.750672	-0.009429751
640000	31.7525	0.008121229	-0.01270098	0.003792102	0.010526442	-0.642638619	0.004297519	-4.96678122	18.21121965	-0.002519186
650000	32.2525	0.008412543	-0.01290098	0.00372904	0.010363034	-0.581383832	0.005507525	-5.17067527	17.0762144	0.010474999
660000	32.7525	0.008473423	-0.01310098	0.003924443	0.010276258	-0.57466527	0.005150757	-5.208491957	16.40354497	-0.009689958
670000	33.2525	0.008468503	-0.01330098	0.004112056	0.010799648	-0.64995616	0.004586997	-5.133660891	17.01018386	0.005598575
680000	33.7525	0.008564111	-0.01350098	0.004152086	0.01017027	-0.707918611	0.005471503	-5.136966405	17.31468816	0.005835713
690000	34.2525	0.008799938	-0.01370098	0.00411051	0.010197373	-0.69329444	0.005185948	-5.27627653	16.56619861	-0.014742043
700000	34.7525	0.008962036	-0.01390098	0.004240648	0.011061063	-0.639188749	0.004768616	-5.395839094	14.24901218	0.00678592
710000	35.2525	0.008985204	-0.01410098	0.004412339	0.009895439	-0.685168229	0.004803581	-5.367416171	12.08313916	0.004287864
720000	35.7525	0.009148476	-0.01430098	0.004408506	0.010848865	-0.733514999	0.005627511	-5.413765374	11.05099236	-0.013951211
730000	36.2525	0.009287733	-0.01450098	0.004414461	0.010059613	-0.770917604	0.004719126	-5.456306815	11.33397064	0.008657828
740000	36.7525	0.00935173	-0.01470098	0.00459985	0.010559503	-0.783921593	0.005207725	-5.471518949	12.74548181	-0.00800222
750000	37.2525	0.009364174	-0.01490098	0.004796153	0.010417991	-0.81290912	0.005002057	-5.451212771	14.44103196	-0.004948949
760000	37.7525	0.009581276	-0.01510098	0.004733461	0.010787751	-0.854041664	0.005052053	-5.530120749	14.36753561	0.020425905
770000	38.2525	0.009671421	-0.01530098	0.004806968	0.009551142	-0.879072506	0.005471905	-5.558862206	13.25752247	-0.011467953
780000	38.7525	0.009753826	-0.01550098	0.004959069	0.011296837	-0.919162621	0.004698909	-5.55792072	12.19243975	0.001765487
790000	39.2525	0.009774136	-0.01570098	0.00514261	0.010199573	-0.950204325	0.004778354	-5.543870365	12.1813522	0.013576985
800000	39.7525	0.009953733	-0.01590098	0.005119521	0.010050114	-0.980528759	0.005872347	-5.614639241	13.24365976	-0.022102011
810000	40.2525	0.01011662	-0.01610098	0.005119674	0.010839534	-1.029183427	0.004497603	-5.653839263	13.96119431	0.00841353
820000	40.7525	0.010118815	-0.01630098	0.005354973	0.010614541	-1.055357946	0.004919653	-5.629114313	13.41736448	0.002382112
830000	41.2525	0.010135493	-0.01650098	0.005544083	0.009868114	-1.091221547	0.005535867	-5.610285957	12.38504632	-0.016976735
840000	41.7525	0.010380012	-0.01670098	0.005441295	0.010948267	-1.133348793	0.004782236	-5.698208325	12.37382002	0.013356212
850000	42.2525	0.010482894	-0.01690098	0.005512065	0.010100827	-1.169738274	0.005051727	-5.721933639	13.28890323	-0.008666838
860000	42.7525	0.010469605	-0.01710098	0.005771555	0.010402452	-1.205416615	0.005414547	-5.681070113	13.67972098	-0.008975487
870000	43.2525	0.010588087	-0.01730098	0.00584946	0.010735589	-1.239179376	0.004613802	-5.711841433	13.08628221	0.012520047
880000	43.7525	0.010753966	-0.01750098	0.005819979	0.010137814	-1.283939114	0.005499886	-5.762386502	12.4604493	-0.015113966
890000	44.2525	0.010880403	-0.01770098	0.005878523	0.010437468	-1.321069644	0.004951807	-5.794334212	12.69435148	-0.000329818
900000	44.7525	0.010891118	-0.01790098	0.006121163	0.010956271	-1.351332654	0.004719578	-5.769482891	13.33411347	0.009298678
910000	45.2525	0.01093735	-0.01810098	0.00625839	0.009952121	-1.39206627	0.005570641	-5.761897501	13.4241773	-0.012296512
920000	45.7525	0.011180053	-0.01830098	0.006152272	0.010160501	-1.43443489	0.004860137	-5.850842698	12.87595985	0.008602842
930000	46.2525	0.011293538	-0.01850098	0.006243395	0.011443002	-1.473015801	0.004750392	-5.87254531	12.53370744	-0.002196803
940000	46.7525	0.011203055	-0.01870098	0.006574731	0.009559269	-1.503772893	0.005745812	-5.801696553	12.98497611	-0.008659569
950000	47.2525	0.011399783	-0.01890098	0.006559643	0.010555997	-1.545349585	0.004831074	-5.865662061	13.43885862	0.016425616
960000	47.7525	0.011598308	-0.01910098	0.006502633	0.010691592	-1.587620049	0.004993501	-5.933524879	13.11565584	-0.01252988
970000	48.2525	0.011611771	-0.01930098	0.006696293	0.01024624	-1.625500092	0.005141545	-5.905625647	12.58319873	-0.000431907
980000	48.7525	0.011679192	-0.01950098	0.006872032	0.010647134	-1.658372941	0.004758097	-5.910644228	12.7837238	0.010936341
990000	49.2525	0.011781891	-0.01970098	0.006946257	0.010117618	-1.699092238	0.005575749	-5.933952319	13.30682325	-0.018761493
1000000	49.7525	0.011980365	-0.01990098	0.006888938	0.010738701	-1.742253381	0.004766466	-5.992008742	13.23277823	0.011128411
