VARIABLES= "Time" "Px_mean" "Py_mean" "Pz_mean" "Px_min" "Px_max" "Px_std" "Px_var" "Py_min" "Py_max" "Py_std" "Py_var" "Pz_min" "Pz_max" "Pz_std" "Pz_var" "|Px|_mean" "|Py|_mean" "|Pz|_mean" "|P|_mean" "qdiff_absmax"
0.000000e+00 -1.453226e-01 1.396119e-01 -6.804808e-04 -1.800579e-01 -1.124516e-01 9.574590e-03 9.167278e-05 9.534723e-02 1.787450e-01 1.086376e-02 1.180212e-04 -1.934351e-01 1.979378e-01 1.610411e-01 2.593422e-02 1.453226e-01 1.396119e-01 1.605498e-01 2.582337e-01 0.000e+00
1.000000e+04 -1.469290e-01 1.402149e-01 6.507567e-04 -1.795327e-01 -1.068913e-01 9.558985e-03 9.137420e-05 1.026233e-01 1.750405e-01 1.081211e-02 1.169017e-04 -1.842720e-01 1.839071e-01 1.569667e-01 2.463854e-02 1.469290e-01 1.402149e-01 1.564934e-01 2.569545e-01 0.000e+00
2.000000e+04 -1.496658e-01 1.364315e-01 -4.305604e-04 -1.767608e-01 -1.165751e-01 9.395577e-03 8.827687e-05 9.739268e-02 1.723557e-01 1.136363e-02 1.291320e-04 -1.882009e-01 1.992731e-01 1.595961e-01 2.547091e-02 1.496658e-01 1.364315e-01 1.591935e-01 2.581382e-01 0.000e+00
3.000000e+04 -1.469522e-01 1.385957e-01 -7.937788e-04 -1.757741e-01 -1.164780e-01 9.259571e-03 8.573965e-05 9.992852e-02 1.752369e-01 1.078337e-02 1.162812e-04 -1.884148e-01 1.855826e-01 1.581017e-01 2.499614e-02 1.469522e-01 1.385957e-01 1.576423e-01 2.567577e-01 0.000e+00
4.000000e+04 -1.476609e-01 1.363163e-01 1.063163e-03 -1.816545e-01 -1.158781e-01 9.223267e-03 8.506865e-05 9.140871e-02 1.672529e-01 1.059574e-02 1.122698e-04 -1.892467e-01 1.990848e-01 1.624264e-01 2.638233e-02 1.476609e-01 1.363163e-01 1.620319e-01 2.586470e-01 0.000e+00
5.000000e+04 -1.487426e-01 1.388291e-01 -1.231985e-03 -1.825525e-01 -1.201115e-01 9.365883e-03 8.771977e-05 1.012554e-01 1.713450e-01 1.046550e-02 1.095266e-04 -1.867492e-01 1.845680e-01 1.598974e-01 2.556718e-02 1.487426e-01 1.388291e-01 1.594501e-01 2.590309e-01 0.000e+00
6.000000e+04 -1.544387e-01 1.318618e-01 4.277833e-04 -1.818511e-01 -1.169434e-01 8.805254e-03 7.753250e-05 9.413867e-02 1.706727e-01 1.057753e-02 1.118842e-04 -1.886682e-01 1.881756e-01 1.587234e-01 2.519313e-02 1.544387e-01 1.318618e-01 1.582827e-01 2.579646e-01 0.000e+00
7.000000e+04 -1.533600e-01 1.335361e-01 1.118214e-03 -1.872797e-01 -1.222456e-01 8.875402e-03 7.877277e-05 9.481529e-02 1.671024e-01 1.077751e-02 1.161546e-04 -1.822049e-01 1.933268e-01 1.554343e-01 2.415982e-02 1.533600e-01 1.335361e-01 1.549882e-01 2.562112e-01 0.000e+00
8.000000e+04 -1.545513e-01 1.316866e-01 -1.319819e-03 -1.833126e-01 -1.177871e-01 9.199542e-03 8.463158e-05 9.646819e-02 1.624359e-01 1.033124e-02 1.067345e-04 -1.906670e-01 1.862854e-01 1.599455e-01 2.558257e-02 1.545513e-01 1.316866e-01 1.594791e-01 2.587203e-01 0.000e+00
9.000000e+04 -1.514474e-01 1.339931e-01 9.658321e-04 -1.822376e-01 -1.189324e-01 9.357923e-03 8.757073e-05 9.456965e-02 1.668804e-01 1.044514e-02 1.091010e-04 -1.885730e-01 1.909000e-01 1.589553e-01 2.526678e-02 1.514474e-01 1.339931e-01 1.584239e-01 2.574528e-01 0.000e+00
1.000000e+05 -1.554372e-01 1.278069e-01 2.499176e-04 -1.886094e-01 -1.233418e-01 9.085671e-03 8.254942e-05 8.820987e-02 1.674390e-01 1.105563e-02 1.222271e-04 -1.878812e-01 1.878632e-01 1.600420e-01 2.561344e-02 1.554372e-01 1.278069e-01 1.595954e-01 2.573924e-01 0.000e+00
1.100000e+05 -1.561387e-01 1.295916e-01 -1.465682e-03 -1.860080e-01 -1.245197e-01 9.170226e-03 8.409305e-05 8.378091e-02 1.620063e-01 1.136231e-02 1.291021e-04 -1.877902e-01 1.858666e-01 1.586689e-01 2.517583e-02 1.561387e-01 1.295916e-01 1.581846e-01 2.578671e-01 0.000e+00
1.200000e+05 -1.546359e-01 1.290232e-01 9.966607e-04 -1.845940e-01 -1.208650e-01 8.853422e-03 7.838308e-05 8.892720e-02 1.590195e-01 1.067493e-02 1.139542e-04 -1.863656e-01 1.923703e-01 1.610429e-01 2.593482e-02 1.546359e-01 1.290232e-01 1.605914e-01 2.580960e-01 0.000e+00
1.300000e+05 -1.533409e-01 1.272915e-01 -7.376893e-04 -1.898795e-01 -1.242289e-01 8.965731e-03 8.038433e-05 9.487239e-02 1.620237e-01 9.943316e-03 9.886954e-05 -1.926938e-01 1.918966e-01 1.621601e-01 2.629589e-02 1.533409e-01 1.272915e-01 1.617599e-01 2.571387e-01 0.000e+00
1.400000e+05 -1.559057e-01 1.265974e-01 -7.692956e-04 -1.834984e-01 -1.230392e-01 8.511747e-03 7.244984e-05 8.762119e-02 1.591190e-01 1.072995e-02 1.151319e-04 -1.919546e-01 1.894700e-01 1.604344e-01 2.573919e-02 1.559057e-01 1.265974e-01 1.599934e-01 2.572879e-01 0.000e+00
1.500000e+05 -1.586152e-01 1.229084e-01 9.948745e-04 -1.930215e-01 -1.222666e-01 9.146360e-03 8.365590e-05 8.407993e-02 1.535450e-01 1.092325e-02 1.193173e-04 -1.877374e-01 1.882133e-01 1.622601e-01 2.632834e-02 1.586152e-01 1.229084e-01 1.618262e-01 2.583186e-01 0.000e+00
1.600000e+05 -1.557146e-01 1.251261e-01 -7.723468e-04 -1.827244e-01 -1.198873e-01 8.905718e-03 7.931181e-05 8.750858e-02 1.643506e-01 1.089933e-02 1.187954e-04 -1.890604e-01 1.906921e-01 1.615270e-01 2.609096e-02 1.557146e-01 1.251261e-01 1.611405e-01 2.571519e-01 0.000e+00
1.700000e+05 -1.571819e-01 1.232791e-01 -5.314151e-04 -1.877037e-01 -1.311374e-01 8.779541e-03 7.708034e-05 8.384091e-02 1.551431e-01 1.062731e-02 1.129397e-04 -1.937619e-01 1.896759e-01 1.624733e-01 2.639756e-02 1.571819e-01 1.232791e-01 1.620127e-01 2.577200e-01 0.000e+00
1.800000e+05 -1.594278e-01 1.223299e-01 4.017170e-04 -1.847141e-01 -1.296659e-01 8.648714e-03 7.480025e-05 7.780210e-02 1.549636e-01 1.108052e-02 1.227778e-04 -1.938691e-01 1.898976e-01 1.612585e-01 2.600430e-02 1.594278e-01 1.223299e-01 1.608153e-01 2.579043e-01 0.000e+00
1.900000e+05 -1.605077e-01 1.197237e-01 -7.889164e-04 -1.915845e-01 -1.274659e-01 9.121544e-03 8.320256e-05 7.448266e-02 1.650547e-01 1.091717e-02 1.191847e-04 -1.966202e-01 1.936980e-01 1.610719e-01 2.594416e-02 1.605077e-01 1.197237e-01 1.605518e-01 2.572510e-01 0.000e+00
2.000000e+05 -1.604428e-01 1.186395e-01 8.804357e-05 -1.908405e-01 -1.291344e-01 8.926488e-03 7.968219e-05 7.669370e-02 1.513783e-01 1.041513e-02 1.084750e-04 -1.895416e-01 1.959800e-01 1.623270e-01 2.635007e-02 1.604428e-01 1.186395e-01 1.618147e-01 2.574648e-01 0.000e+00
2.100000e+05 -1.603251e-01 1.208675e-01 1.189044e-04 -1.872234e-01 -1.270032e-01 8.739562e-03 7.637995e-05 8.062100e-02 1.540207e-01 1.073834e-02 1.153120e-04 -1.877282e-01 1.884240e-01 1.615380e-01 2.609454e-02 1.603251e-01 1.208675e-01 1.610848e-01 2.579285e-01 0.000e+00
2.200000e+05 -1.615645e-01 1.165683e-01 -4.198215e-04 -1.908281e-01 -1.302130e-01 8.810718e-03 7.762875e-05 6.094223e-02 1.528190e-01 1.168597e-02 1.365618e-04 -1.930639e-01 1.902821e-01 1.629258e-01 2.654482e-02 1.615645e-01 1.165683e-01 1.625030e-01 2.576539e-01 0.000e+00
2.300000e+05 -1.625928e-01 1.134673e-01 3.825893e-04 -1.918885e-01 -1.247003e-01 9.003198e-03 8.105757e-05 7.142283e-02 1.446837e-01 1.120171e-02 1.254783e-04 -1.902800e-01 1.989289e-01 1.629909e-01 2.656604e-02 1.625928e-01 1.134673e-01 1.624943e-01 2.569290e-01 0.000e+00
2.400000e+05 -1.618115e-01 1.157976e-01 -5.517305e-04 -1.879330e-01 -1.311699e-01 8.532929e-03 7.281088e-05 6.549305e-02 1.558618e-01 1.096248e-02 1.201759e-04 -1.879227e-01 1.923354e-01 1.626343e-01 2.644990e-02 1.618115e-01 1.157976e-01 1.621833e-01 2.572325e-01 0.000e+00
2.500000e+05 -1.617931e-01 1.154418e-01 4.365778e-05 -1.882876e-01 -1.280476e-01 8.660513e-03 7.500448e-05 8.138634e-02 1.439808e-01 9.964678e-03 9.929481e-05 -1.896516e-01 1.960992e-01 1.639457e-01 2.687821e-02 1.617931e-01 1.154418e-01 1.635780e-01 2.578662e-01 0.000e+00
2.600000e+05 -1.627552e-01 1.115601e-01 6.881377e-04 -1.916819e-01 -1.354415e-01 8.378785e-03 7.020404e-05 5.824704e-02 1.460776e-01 1.088174e-02 1.184122e-04 -1.908823e-01 1.951918e-01 1.653087e-01 2.732697e-02 1.627552e-01 1.115601e-01 1.649153e-01 2.576349e-01 0.000e+00
2.700000e+05 -1.639286e-01 1.102389e-01 -8.140382e-04 -1.891952e-01 -1.353745e-01 8.535996e-03 7.286323e-05 6.460287e-02 1.442340e-01 1.107156e-02 1.225795e-04 -1.929007e-01 1.935966e-01 1.643653e-01 2.701596e-02 1.639286e-01 1.102389e-01 1.638902e-01 2.572291e-01 0.000e+00
2.800000e+05 -1.647369e-01 1.104063e-01 5.857275e-04 -1.917511e-01 -1.327677e-01 8.580583e-03 7.362641e-05 7.270622e-02 1.436865e-01 1.123982e-02 1.263335e-04 -1.923719e-01 1.912960e-01 1.634507e-01 2.671613e-02 1.647369e-01 1.104063e-01 1.630542e-01 2.572448e-01 0.000e+00
2.900000e+05 -1.655128e-01 1.094881e-01 2.675030e-04 -1.949505e-01 -1.327541e-01 8.578984e-03 7.359896e-05 6.538224e-02 1.449383e-01 1.114455e-02 1.242010e-04 -1.958756e-01 1.935642e-01 1.640863e-01 2.692432e-02 1.655128e-01 1.094881e-01 1.636677e-01 2.577573e-01 0.000e+00
3.000000e+05 -1.647338e-01 1.077514e-01 -5.839154e-04 -1.882756e-01 -1.378525e-01 8.035772e-03 6.457362e-05 6.891749e-02 1.449482e-01 1.096863e-02 1.203109e-04 -1.931795e-01 1.914275e-01 1.660362e-01 2.756804e-02 1.647338e-01 1.077514e-01 1.655645e-01 2.577221e-01 0.000e+00
3.100000e+05 -1.664916e-01 1.056929e-01 7.533737e-04 -1.948745e-01 -1.380502e-01 8.033392e-03 6.453539e-05 6.377957e-02 1.387006e-01 1.094043e-02 1.196929e-04 -1.909599e-01 1.969900e-01 1.649202e-01 2.719867e-02 1.664916e-01 1.056929e-01 1.644600e-01 2.573003e-01 0.000e+00
3.200000e+05 -1.689451e-01 1.045498e-01 7.003309e-05 -1.994008e-01 -1.398942e-01 8.474595e-03 7.181875e-05 6.454578e-02 1.402592e-01 1.101119e-02 1.212463e-04 -1.920028e-01 1.940420e-01 1.631758e-01 2.662635e-02 1.689451e-01 1.045498e-01 1.627458e-01 2.573552e-01 0.000e+00
3.300000e+05 -1.676103e-01 1.045790e-01 -9.375187e-04 -1.948933e-01 -1.413372e-01 8.258548e-03 6.820362e-05 6.579320e-02 1.351440e-01 1.098910e-02 1.207603e-04 -1.878272e-01 2.015990e-01 1.650674e-01 2.724725e-02 1.676103e-01 1.045790e-01 1.646211e-01 2.576765e-01 0.000e+00
3.400000e+05 -1.660936e-01 1.027984e-01 1.240331e-03 -1.950444e-01 -1.354432e-01 8.460398e-03 7.157833e-05 5.271381e-02 1.383581e-01 1.171841e-02 1.373211e-04 -1.980183e-01 1.990304e-01 1.681380e-01 2.827040e-02 1.660936e-01 1.027984e-01 1.677039e-01 2.580028e-01 0.000e+00
3.500000e+05 -1.698042e-01 9.956195e-02 -7.619371e-04 -1.984683e-01 -1.375560e-01 8.084878e-03 6.536525e-05 5.079471e-02 1.353366e-01 1.187084e-02 1.409167e-04 -1.917354e-01 1.932493e-01 1.660058e-01 2.755792e-02 1.698042e-01 9.956195e-02 1.655907e-01 2.577653e-01 0.000e+00
3.600000e+05 -1.703158e-01 9.913461e-02 2.619913e-04 -1.977897e-01 -1.389786e-01 8.462520e-03 7.161424e-05 5.347577e-02 1.392075e-01 1.151700e-02 1.326413e-04 -1.921338e-01 1.956041e-01 1.649890e-01 2.722137e-02 1.703158e-01 9.913461e-02 1.645556e-01 2.572779e-01 0.000e+00
3.700000e+05 -1.683752e-01 1.003344e-01 3.331032e-04 -2.003026e-01 -1.364148e-01 8.324615e-03 6.929921e-05 6.150831e-02 1.339568e-01 1.098971e-02 1.207738e-04 -1.923179e-01 1.940406e-01 1.667845e-01 2.781708e-02 1.683752e-01 1.003344e-01 1.663880e-01 2.575961e-01 0.000e+00
3.800000e+05 -1.686423e-01 9.838003e-02 -2.207113e-04 -2.009423e-01 -1.321792e-01 8.608105e-03 7.409947e-05 5.980436e-02 1.412150e-01 1.144814e-02 1.310599e-04 -1.969776e-01 1.968585e-01 1.688705e-01 2.851726e-02 1.686423e-01 9.838003e-02 1.684298e-01 2.584100e-01 0.000e+00
3.900000e+05 -1.721454e-01 9.373257e-02 -1.092204e-04 -1.974967e-01 -1.428127e-01 8.243463e-03 6.795467e-05 5.450443e-02 1.287768e-01 1.202908e-02 1.446988e-04 -1.944088e-01 1.999498e-01 1.669392e-01 2.786871e-02 1.721454e-01 9.373257e-02 1.664718e-01 2.577365e-01 0.000e+00
4.000000e+05 -1.726777e-01 9.263996e-02 2.441936e-05 -1.979030e-01 -1.379180e-01 8.126257e-03 6.603606e-05 4.687981e-02 1.412575e-01 1.197364e-02 1.433680e-04 -1.916953e-01 1.950869e-01 1.662429e-01 2.763670e-02 1.726777e-01 9.263996e-02 1.658178e-01 2.572512e-01 0.000e+00
4.100000e+05 -1.711195e-01 9.476629e-02 -7.131017e-04 -2.013482e-01 -1.404713e-01 7.945061e-03 6.312399e-05 5.671632e-02 1.314946e-01 1.094331e-02 1.197561e-04 -1.929821e-01 1.942346e-01 1.674154e-01 2.802791e-02 1.711195e-01 9.476629e-02 1.670075e-01 2.576810e-01 0.000e+00
4.200000e+05 -1.723867e-01 9.249004e-02 5.803698e-04 -2.004748e-01 -1.480478e-01 8.132488e-03 6.613737e-05 5.602194e-02 1.261789e-01 1.126427e-02 1.268838e-04 -2.054183e-01 1.953082e-01 1.686445e-01 2.844096e-02 1.723867e-01 9.249004e-02 1.681668e-01 2.585170e-01 0.000e+00
4.300000e+05 -1.741796e-01 8.764967e-02 -7.575594e-04 -2.013654e-01 -1.402441e-01 8.122750e-03 6.597906e-05 3.720144e-02 1.261618e-01 1.240989e-02 1.540054e-04 -1.958930e-01 1.934979e-01 1.685263e-01 2.840110e-02 1.741796e-01 8.764967e-02 1.680682e-01 2.580056e-01 0.000e+00
4.400000e+05 -1.741586e-01 8.582257e-02 -5.841469e-04 -2.022544e-01 -1.455617e-01 8.353569e-03 6.978211e-05 3.910030e-02 1.177725e-01 1.215829e-02 1.478239e-04 -1.991852e-01 1.977990e-01 1.678494e-01 2.817344e-02 1.741586e-01 8.582257e-02 1.674431e-01 2.569503e-01 0.000e+00
4.500000e+05 -1.746233e-01 8.828504e-02 9.563545e-04 -2.026010e-01 -1.474788e-01 8.131473e-03 6.612085e-05 4.689040e-02 1.272846e-01 1.163444e-02 1.353602e-04 -1.960766e-01 1.976500e-01 1.684708e-01 2.838240e-02 1.746233e-01 8.828504e-02 1.680118e-01 2.584516e-01 0.000e+00
4.600000e+05 -1.732241e-01 8.715358e-02 -1.136799e-03 -2.026238e-01 -1.359663e-01 8.362313e-03 6.992827e-05 4.709347e-02 1.251221e-01 1.118534e-02 1.251118e-04 -1.966504e-01 2.000053e-01 1.706937e-01 2.913635e-02 1.732241e-01 8.715358e-02 1.702560e-01 2.585795e-01 0.000e+00
4.700000e+05 -1.749036e-01 8.226868e-02 5.256704e-04 -1.982837e-01 -1.481288e-01 7.894095e-03 6.231673e-05 4.207702e-02 1.177834e-01 1.245444e-02 1.551131e-04 -1.996964e-01 1.973900e-01 1.697925e-01 2.882950e-02 1.749036e-01 8.226868e-02 1.693749e-01 2.575591e-01 0.000e+00
4.800000e+05 -1.778530e-01 7.953254e-02 3.834599e-04 -2.132678e-01 -1.490005e-01 8.363238e-03 6.994375e-05 3.677080e-02 1.137337e-01 1.222480e-02 1.494456e-04 -1.936814e-01 1.947533e-01 1.692616e-01 2.864949e-02 1.778530e-01 7.953254e-02 1.688120e-01 2.583743e-01 0.000e+00
4.900000e+05 -1.766564e-01 8.061710e-02 -1.138548e-03 -2.064654e-01 -1.463101e-01 8.022360e-03 6.435826e-05 3.206287e-02 1.151153e-01 1.191026e-02 1.418543e-04 -1.980308e-01 1.981730e-01 1.691486e-01 2.861125e-02 1.766564e-01 8.061710e-02 1.686864e-01 2.577910e-01 0.000e+00
5.000000e+05 -1.753999e-01 8.100009e-02 3.476267e-04 -2.047501e-01 -1.475672e-01 7.775043e-03 6.045129e-05 3.943959e-02 1.182175e-01 1.144580e-02 1.310064e-04 -1.963950e-01 2.001455e-01 1.715688e-01 2.943586e-02 1.753999e-01 8.100009e-02 1.711565e-01 2.586195e-01 0.000e+00
5.100000e+05 -1.778010e-01 7.684653e-02 7.495486e-05 -2.060090e-01 -1.514957e-01 8.101135e-03 6.562839e-05 3.089972e-02 1.120401e-01 1.298614e-02 1.686399e-04 -1.938233e-01 1.985994e-01 1.711577e-01 2.929497e-02 1.778010e-01 7.684653e-02 1.707111e-01 2.587887e-01 0.000e+00
5.200000e+05 -1.798678e-01 7.287741e-02 -1.158382e-03 -2.065847e-01 -1.516269e-01 8.194481e-03 6.714951e-05 2.746540e-02 1.143472e-01 1.271450e-02 1.616585e-04 -1.979789e-01 1.961554e-01 1.693863e-01 2.869173e-02 1.798678e-01 7.287741e-02 1.689374e-01 2.578970e-01 0.000e+00
5.300000e+05 -1.786938e-01 7.417339e-02 6.540553e-04 -2.107540e-01 -1.454264e-01 8.051813e-03 6.483169e-05 2.552933e-02 1.102998e-01 1.211815e-02 1.468495e-04 -2.013564e-01 1.974135e-01 1.699372e-01 2.887866e-02 1.786938e-01 7.417339e-02 1.695024e-01 2.577807e-01 0.000e+00
5.400000e+05 -1.780509e-01 7.390421e-02 -2.461371e-05 -2.101821e-01 -1.418473e-01 8.197941e-03 6.720624e-05 2.305662e-02 1.130055e-01 1.282537e-02 1.644901e-04 -2.012136e-01 1.999341e-01 1.725398e-01 2.976997e-02 1.780509e-01 7.390421e-02 1.721099e-01 2.590243e-01 0.000e+00
5.500000e+05 -1.800827e-01 6.908797e-02 -2.359060e-04 -2.066967e-01 -1.543584e-01 7.900872e-03 6.242378e-05 2.162638e-02 1.098353e-01 1.316991e-02 1.734465e-04 -1.998223e-01 1.993122e-01 1.733905e-01 3.006425e-02 1.800827e-01 6.908797e-02 1.729722e-01 2.596639e-01 0.000e+00
5.600000e+05 -1.804252e-01 6.482546e-02 1.169987e-03 -2.015324e-01 -1.524003e-01 7.739472e-03 5.989943e-05 3.610824e-03 1.071927e-01 1.336397e-02 1.785956e-04 -1.968907e-01 2.018398e-01 1.708154e-01 2.917792e-02 1.804252e-01 6.482546e-02 1.703933e-01 2.570944e-01 0.000e+00
5.700000e+05 -1.824169e-01 6.400362e-02 -6.210046e-04 -2.094028e-01 -1.591828e-01 7.794852e-03 6.075971e-05 1.056681e-02 1.010943e-01 1.433648e-02 2.055348e-04 -1.979369e-01 1.983959e-01 1.708125e-01 2.917691e-02 1.824169e-01 6.400362e-02 1.704082e-01 2.583589e-01 0.000e+00
5.800000e+05 -1.805554e-01 6.615607e-02 -1.790708e-04 -2.064010e-01 -1.558745e-01 7.985383e-03 6.376634e-05 2.067838e-02 1.043823e-01 1.305678e-02 1.704794e-04 -2.022129e-01 2.029088e-01 1.746809e-01 3.051342e-02 1.805554e-01 6.615607e-02 1.742376e-01 2.600969e-01 0.000e+00
5.900000e+05 -1.802600e-01 6.472889e-02 2.628346e-04 -2.050426e-01 -1.542885e-01 7.590639e-03 5.761780e-05 8.826454e-03 1.003688e-01 1.258986e-02 1.585046e-04 -2.061755e-01 2.017746e-01 1.733855e-01 3.006252e-02 1.802600e-01 6.472889e-02 1.729261e-01 2.586129e-01 0.000e+00
6.000000e+05 -1.844996e-01 5.489567e-02 -1.177153e-03 -2.122358e-01 -1.566194e-01 8.068833e-03 6.510607e-05 -4.490651e-03 9.812236e-02 1.485817e-02 2.207651e-04 -1.980565e-01 2.002067e-01 1.715821e-01 2.944042e-02 1.844996e-01 5.489941e-02 1.711780e-01 2.582844e-01 0.000e+00
6.100000e+05 -1.858619e-01 4.974216e-02 9.118135e-04 -2.124376e-01 -1.592274e-01 7.898008e-03 6.237852e-05 -1.637067e-02 9.304969e-02 1.684087e-02 2.836148e-04 -1.984376e-01 1.968533e-01 1.728253e-01 2.986860e-02 1.858619e-01 4.984210e-02 1.724112e-01 2.591580e-01 0.000e+00
6.200000e+05 -1.822251e-01 5.839851e-02 9.469838e-06 -2.087227e-01 -1.515180e-01 7.879739e-03 6.209029e-05 -1.200806e-03 9.677770e-02 1.365229e-02 1.863849e-04 -1.993510e-01 2.006527e-01 1.748635e-01 3.057724e-02 1.822251e-01 5.839986e-02 1.744093e-01 2.595507e-01 0.000e+00
6.300000e+05 -1.830936e-01 5.541715e-02 -6.704469e-04 -2.102954e-01 -1.498043e-01 8.246178e-03 6.799944e-05 -6.988131e-03 1.026102e-01 1.500642e-02 2.251927e-04 -2.047692e-01 2.026994e-01 1.740519e-01 3.029405e-02 1.830936e-01 5.543001e-02 1.736250e-01 2.590440e-01 0.000e+00
6.400000e+05 -1.869272e-01 4.582786e-02 8.317705e-04 -2.138482e-01 -1.592191e-01 8.314850e-03 6.913673e-05 -1.747409e-02 8.675298e-02 1.685290e-02 2.840203e-04 -2.031868e-01 2.042104e-01 1.739553e-01 3.026046e-02 1.869272e-01 4.592479e-02 1.735480e-01 2.599805e-01 0.000e+00
6.500000e+05 -1.864816e-01 3.298043e-02 -9.991731e-04 -2.168502e-01 -1.593312e-01 7.813304e-03 6.104773e-05 -4.433099e-02 8.525894e-02 1.854985e-02 3.440968e-04 -1.991477e-01 2.000646e-01 1.748152e-01 3.056037e-02 1.864816e-01 3.383749e-02 1.743971e-01 2.583650e-01 0.000e+00
6.600000e+05 -1.864520e-01 3.718548e-02 -1.260645e-05 -2.133811e-01 -1.613882e-01 8.055024e-03 6.488342e-05 -6.047717e-02 8.579667e-02 2.239202e-02 5.014024e-04 -2.046665e-01 2.020129e-01 1.755642e-01 3.082279e-02 1.864520e-01 3.975081e-02 1.751227e-01 2.597236e-01 0.000e+00
6.700000e+05 -1.859061e-01 4.480301e-02 6.582916e-04 -2.124117e-01 -1.588833e-01 7.729865e-03 5.975081e-05 -3.143832e-02 8.585882e-02 1.499820e-02 2.249461e-04 -2.015705e-01 2.046260e-01 1.757203e-01 3.087764e-02 1.859061e-01 4.493436e-02 1.753122e-01 2.601173e-01 0.000e+00
6.800000e+05 -1.872335e-01 4.051336e-02 -1.062608e-03 -2.169862e-01 -1.569093e-01 7.670295e-03 5.883343e-05 -2.027943e-02 9.015434e-02 1.518973e-02 2.307280e-04 -2.006636e-01 2.026927e-01 1.752398e-01 3.070900e-02 1.872335e-01 4.061843e-02 1.748523e-01 2.600490e-01 0.000e+00
6.900000e+05 -1.882851e-01 2.670034e-02 3.904239e-04 -2.132875e-01 -1.620669e-01 7.813757e-03 6.105480e-05 -4.399059e-02 7.542198e-02 2.002832e-02 4.011337e-04 -2.015268e-01 2.027673e-01 1.744688e-01 3.043936e-02 1.882851e-01 2.892368e-02 1.740030e-01 2.587988e-01 0.000e+00
7.000000e+05 -1.894454e-01 -1.794693e-03 3.360407e-04 -2.259710e-01 -1.617549e-01 8.016209e-03 6.425961e-05 -7.565816e-02 6.961160e-02 2.568121e-02 6.595247e-04 -2.088083e-01 2.100360e-01 1.775241e-01 3.151481e-02 1.894454e-01 2.115284e-02 1.770813e-01 2.608760e-01 0.000e+00
7.100000e+05 -1.883150e-01 -1.777155e-02 -8.099932e-04 -2.174866e-01 -1.622381e-01 7.873691e-03 6.199500e-05 -7.597592e-02 7.091090e-02 2.463170e-02 6.067207e-04 -2.043561e-01 2.013025e-01 1.764743e-01 3.114320e-02 1.883150e-01 2.583695e-02 1.760682e-01 2.598445e-01 0.000e+00
7.200000e+05 -1.896563e-01 -2.413121e-02 7.875698e-04 -2.172055e-01 -1.618800e-01 7.842715e-03 6.150818e-05 -7.550358e-02 3.623469e-02 1.988993e-02 3.956094e-04 -1.996827e-01 2.021739e-01 1.753500e-01 3.074761e-02 1.896563e-01 2.664523e-02 1.748736e-01 2.601480e-01 0.000e+00
7.300000e+05 -1.900984e-01 -6.509261e-03 -3.123123e-04 -2.161378e-01 -1.629052e-01 7.848805e-03 6.160374e-05 -7.205111e-02 7.095825e-02 2.650041e-02 7.022715e-04 -2.061925e-01 2.012029e-01 1.761119e-01 3.101539e-02 1.900984e-01 2.302979e-02 1.756820e-01 2.605463e-01 0.000e+00
7.400000e+05 -1.890215e-01 6.207977e-03 -9.132216e-04 -2.215782e-01 -1.594179e-01 7.814807e-03 6.107121e-05 -5.431778e-02 7.422590e-02 2.276409e-02 5.182038e-04 -2.125724e-01 2.081965e-01 1.788287e-01 3.197971e-02 1.890215e-01 1.914517e-02 1.784046e-01 2.612508e-01 0.000e+00
7.500000e+05 -1.902654e-01 1.332420e-02 4.583040e-04 -2.212701e-01 -1.659873e-01 7.524644e-03 5.662027e-05 -4.967540e-02 6.936820e-02 1.956660e-02 3.828518e-04 -1.996225e-01 2.069445e-01 1.766629e-01 3.120977e-02 1.902654e-01 1.918026e-02 1.762369e-01 2.606765e-01 0.000e+00
7.600000e+05 -1.910507e-01 1.032388e-02 -2.504287e-04 -2.143905e-01 -1.651183e-01 7.480634e-03 5.595989e-05 -4.953371e-02 6.037729e-02 1.870469e-02 3.498653e-04 -2.069195e-01 2.041858e-01 1.768544e-01 3.127748e-02 1.910507e-01 1.751575e-02 1.764177e-01 2.611846e-01 0.000e+00
7.700000e+05 -1.900107e-01 -7.533435e-03 1.080730e-04 -2.152078e-01 -1.663360e-01 7.697094e-03 5.924525e-05 -7.025560e-02 5.535137e-02 2.158950e-02 4.661063e-04 -2.051215e-01 2.073453e-01 1.778324e-01 3.162435e-02 1.900107e-01 1.867652e-02 1.774132e-01 2.612158e-01 0.000e+00
7.800000e+05 -1.908145e-01 -1.423305e-02 2.790885e-04 -2.179207e-01 -1.681333e-01 7.818395e-03 6.112730e-05 -6.457109e-02 4.053059e-02 1.725539e-02 2.977483e-04 -2.057332e-01 2.044389e-01 1.778346e-01 3.162515e-02 1.908145e-01 1.862635e-02 1.774318e-01 2.617743e-01 0.000e+00
7.900000e+05 -1.910149e-01 -2.669866e-03 -5.493409e-04 -2.169467e-01 -1.666579e-01 7.658458e-03 5.865198e-05 -6.054512e-02 5.413347e-02 1.841283e-02 3.390322e-04 -2.035736e-01 2.072786e-01 1.786453e-01 3.191414e-02 1.910149e-01 1.489056e-02 1.781954e-01 2.621660e-01 0.000e+00
8.000000e+05 -1.917066e-01 7.719181e-03 5.105299e-04 -2.206807e-01 -1.651691e-01 7.227835e-03 5.224159e-05 -4.986826e-02 6.784568e-02 1.904745e-02 3.628055e-04 -2.019723e-01 2.039831e-01 1.768468e-01 3.127481e-02 1.917066e-01 1.655121e-02 1.764231e-01 2.615835e-01 0.000e+00
8.100000e+05 -1.918669e-01 8.772758e-03 -1.332366e-04 -2.141123e-01 -1.647666e-01 7.255157e-03 5.263730e-05 -3.755560e-02 5.705711e-02 1.576428e-02 2.485124e-04 -2.076190e-01 2.054718e-01 1.781647e-01 3.174267e-02 1.918669e-01 1.446114e-02 1.777426e-01 2.624093e-01 0.000e+00
8.200000e+05 -1.909476e-01 -4.457241e-04 -5.326843e-04 -2.190917e-01 -1.621138e-01 7.712138e-03 5.947708e-05 -4.909412e-02 5.568533e-02 1.581762e-02 2.501970e-04 -2.059597e-01 2.040522e-01 1.795192e-01 3.222714e-02 1.909476e-01 1.266787e-02 1.790991e-01 2.625392e-01 0.000e+00
8.300000e+05 -1.920846e-01 -8.108904e-03 8.215124e-04 -2.173418e-01 -1.634728e-01 7.901893e-03 6.243991e-05 -5.299028e-02 4.926613e-02 1.697973e-02 2.883111e-04 -2.106390e-01 2.058726e-01 1.787088e-01 3.193685e-02 1.920846e-01 1.545439e-02 1.782645e-01 2.629960e-01 0.000e+00
8.400000e+05 -1.925685e-01 -4.061776e-03 -3.419308e-04 -2.163052e-01 -1.595519e-01 7.450036e-03 5.550304e-05 -5.734233e-02 4.740919e-02 1.659845e-02 2.755084e-04 -2.040997e-01 2.020060e-01 1.777019e-01 3.157797e-02 1.925685e-01 1.375454e-02 1.773133e-01 2.625530e-01 0.000e+00
8.500000e+05 -1.914299e-01 7.291306e-03 -3.117745e-04 -2.165945e-01 -1.651106e-01 7.346322e-03 5.396844e-05 -4.737631e-02 5.740012e-02 1.621311e-02 2.628649e-04 -2.015876e-01 2.097760e-01 1.801836e-01 3.246612e-02 1.914299e-01 1.450812e-02 1.798034e-01 2.634601e-01 0.000e+00
8.600000e+05 -1.924281e-01 7.638127e-03 9.508541e-04 -2.167022e-01 -1.625909e-01 7.595836e-03 5.769672e-05 -4.538357e-02 5.631076e-02 1.501869e-02 2.255612e-04 -2.047675e-01 2.146531e-01 1.790399e-01 3.205529e-02 1.924281e-01 1.350616e-02 1.785885e-01 2.633440e-01 0.000e+00
8.700000e+05 -1.929599e-01 -4.237284e-03 -5.480146e-04 -2.195030e-01 -1.657501e-01 7.594944e-03 5.768317e-05 -4.826034e-02 4.492502e-02 1.483146e-02 2.199723e-04 -2.070057e-01 2.067381e-01 1.793732e-01 3.217475e-02 1.929599e-01 1.258155e-02 1.789239e-01 2.638635e-01 0.000e+00
8.800000e+05 -1.926484e-01 -8.151809e-03 -1.323888e-04 -2.226887e-01 -1.641343e-01 8.158009e-03 6.655311e-05 -5.815643e-02 4.216493e-02 1.516418e-02 2.299525e-04 -2.037185e-01 2.026955e-01 1.794195e-01 3.219134e-02 1.926484e-01 1.385267e-02 1.790061e-01 2.638133e-01 0.000e+00
8.900000e+05 -1.932587e-01 1.370009e-03 4.937331e-04 -2.176393e-01 -1.628310e-01 7.318538e-03 5.356100e-05 -4.858317e-02 5.371847e-02 1.506342e-02 2.269068e-04 -2.022169e-01 2.120325e-01 1.790503e-01 3.205901e-02 1.932587e-01 1.197864e-02 1.786378e-01 2.638432e-01 0.000e+00
9.000000e+05 -1.933325e-01 6.244283e-03 -6.883035e-04 -2.181062e-01 -1.599730e-01 7.483576e-03 5.600391e-05 -3.702515e-02 4.989507e-02 1.433629e-02 2.055293e-04 -2.094009e-01 2.069664e-01 1.800316e-01 3.241139e-02 1.933325e-01 1.266858e-02 1.795822e-01 2.646004e-01 0.000e+00
9.100000e+05 -1.928538e-01 1.382674e-03 7.165270e-04 -2.155463e-01 -1.644771e-01 7.724615e-03 5.966968e-05 -4.296714e-02 4.762091e-02 1.394032e-02 1.943326e-04 -2.062217e-01 2.102030e-01 1.812083e-01 3.283643e-02 1.928538e-01 1.121343e-02 1.807808e-01 2.649813e-01 0.000e+00
9.200000e+05 -1.941308e-01 -4.782232e-03 2.273683e-05 -2.174252e-01 -1.652663e-01 7.515151e-03 5.647750e-05 -4.983623e-02 4.797904e-02 1.428680e-02 2.041126e-04 -2.056090e-01 2.074999e-01 1.788902e-01 3.200170e-02 1.941308e-01 1.198928e-02 1.784931e-01 2.644001e-01 0.000e+00
9.300000e+05 -1.936137e-01 -2.322734e-03 -9.551477e-04 -2.158645e-01 -1.705738e-01 7.221061e-03 5.214372e-05 -5.237094e-02 4.387423e-02 1.447761e-02 2.096011e-04 -2.088836e-01 2.113728e-01 1.806986e-01 3.265197e-02 1.936137e-01 1.171497e-02 1.802875e-01 2.651875e-01 0.000e+00
9.400000e+05 -1.936558e-01 4.088022e-03 8.661186e-04 -2.209472e-01 -1.673468e-01 7.593630e-03 5.766322e-05 -4.373095e-02 4.679108e-02 1.346467e-02 1.812975e-04 -2.044553e-01 2.100188e-01 1.818631e-01 3.307417e-02 1.936558e-01 1.136903e-02 1.813905e-01 2.660028e-01 0.000e+00
9.500000e+05 -1.946667e-01 2.467676e-03 -4.995153e-05 -2.207849e-01 -1.681027e-01 7.180177e-03 5.155494e-05 -3.610051e-02 4.864575e-02 1.325697e-02 1.757474e-04 -2.109622e-01 2.051430e-01 1.799062e-01 3.236626e-02 1.946667e-01 1.085749e-02 1.794936e-01 2.653757e-01 0.000e+00
9.600000e+05 -1.939191e-01 -2.311713e-03 -1.189450e-04 -2.175765e-01 -1.713414e-01 7.461344e-03 5.567166e-05 -4.320351e-02 4.290412e-02 1.319894e-02 1.742121e-04 -2.141158e-01 2.077857e-01 1.810668e-01 3.278519e-02 1.939191e-01 1.080989e-02 1.806860e-01 2.656238e-01 0.000e+00
9.700000e+05 -1.952937e-01 -2.695072e-03 4.292825e-04 -2.182047e-01 -1.710411e-01 7.219338e-03 5.211885e-05 -4.459142e-02 3.660850e-02 1.287360e-02 1.657297e-04 -2.064786e-01 2.168143e-01 1.808061e-01 3.269085e-02 1.952937e-01 1.041668e-02 1.803369e-01 2.664066e-01 0.000e+00
9.800000e+05 -1.948775e-01 3.550487e-04 -6.966511e-04 -2.219045e-01 -1.699935e-01 7.458027e-03 5.562217e-05 -3.757636e-02 4.239172e-02 1.237134e-02 1.530501e-04 -2.079504e-01 2.132466e-01 1.811857e-01 3.282825e-02 1.948775e-01 9.867682e-03 1.807267e-01 2.663463e-01 0.000e+00
9.900000e+05 -1.942135e-01 2.857206e-03 4.815278e-04 -2.170646e-01 -1.702242e-01 7.228695e-03 5.225403e-05 -3.398122e-02 4.056145e-02 1.224494e-02 1.499385e-04 -2.073555e-01 2.100584e-01 1.820900e-01 3.315677e-02 1.942135e-01 1.003054e-02 1.816904e-01 2.664813e-01 0.000e+00
1.000000e+06 -1.962441e-01 9.937376e-04 6.325371e-05 -2.234822e-01 -1.662650e-01 7.530356e-03 5.670626e-05 -3.977275e-02 3.730513e-02 1.254255e-02 1.573157e-04 -2.052784e-01 2.076593e-01 1.809624e-01 3.274738e-02 1.962441e-01 1.020048e-02 1.805309e-01 2.672089e-01 0.000e+00
