VARIABLES= "Time" "Px_mean" "Py_mean" "Pz_mean" "Px_min" "Px_max" "Px_std" "Px_var" "Py_min" "Py_max" "Py_std" "Py_var" "Pz_min" "Pz_max" "Pz_std" "Pz_var" "|Px|_mean" "|Py|_mean" "|Pz|_mean" "|P|_mean" "qdiff_absmax"
0.000000e+00 -1.453226e-01 1.396119e-01 -6.804808e-04 -1.800579e-01 -1.124516e-01 9.574590e-03 9.167278e-05 9.534723e-02 1.787450e-01 1.086376e-02 1.180212e-04 -1.934351e-01 1.979378e-01 1.610411e-01 2.593422e-02 1.453226e-01 1.396119e-01 1.605498e-01 2.582337e-01 0.000e+00
1.000000e+04 -1.469290e-01 1.402149e-01 6.507567e-04 -1.795327e-01 -1.068913e-01 9.558985e-03 9.137420e-05 1.026233e-01 1.750405e-01 1.081211e-02 1.169017e-04 -1.842720e-01 1.839071e-01 1.569667e-01 2.463854e-02 1.469290e-01 1.402149e-01 1.564934e-01 2.569545e-01 0.000e+00
2.000000e+04 -1.496658e-01 1.364315e-01 -4.305604e-04 -1.767608e-01 -1.165751e-01 9.395577e-03 8.827687e-05 9.739268e-02 1.723557e-01 1.136363e-02 1.291320e-04 -1.882009e-01 1.992731e-01 1.595961e-01 2.547091e-02 1.496658e-01 1.364315e-01 1.591935e-01 2.581382e-01 0.000e+00
3.000000e+04 -1.469522e-01 1.385957e-01 -7.937788e-04 -1.757741e-01 -1.164780e-01 9.259571e-03 8.573965e-05 9.992852e-02 1.752369e-01 1.078337e-02 1.162812e-04 -1.884148e-01 1.855826e-01 1.581017e-01 2.499614e-02 1.469522e-01 1.385957e-01 1.576423e-01 2.567577e-01 0.000e+00
4.000000e+04 -1.476609e-01 1.363163e-01 1.063163e-03 -1.816545e-01 -1.158781e-01 9.223267e-03 8.506865e-05 9.140871e-02 1.672529e-01 1.059574e-02 1.122698e-04 -1.892467e-01 1.990848e-01 1.624264e-01 2.638233e-02 1.476609e-01 1.363163e-01 1.620319e-01 2.586470e-01 0.000e+00
5.000000e+04 -1.487426e-01 1.388291e-01 -1.231985e-03 -1.825525e-01 -1.201115e-01 9.365883e-03 8.771977e-05 1.012554e-01 1.713450e-01 1.046550e-02 1.095266e-04 -1.867492e-01 1.845680e-01 1.598974e-01 2.556718e-02 1.487426e-01 1.388291e-01 1.594501e-01 2.590309e-01 0.000e+00
6.000000e+04 -1.544387e-01 1.318618e-01 4.277833e-04 -1.818511e-01 -1.169434e-01 8.805254e-03 7.753250e-05 9.413867e-02 1.706727e-01 1.057753e-02 1.118842e-04 -1.886682e-01 1.881756e-01 1.587234e-01 2.519313e-02 1.544387e-01 1.318618e-01 1.582827e-01 2.579646e-01 0.000e+00
7.000000e+04 -1.533600e-01 1.335361e-01 1.118214e-03 -1.872797e-01 -1.222456e-01 8.875402e-03 7.877277e-05 9.481529e-02 1.671024e-01 1.077751e-02 1.161546e-04 -1.822049e-01 1.933268e-01 1.554343e-01 2.415982e-02 1.533600e-01 1.335361e-01 1.549882e-01 2.562112e-01 0.000e+00
8.000000e+04 -1.545513e-01 1.316866e-01 -1.319819e-03 -1.833126e-01 -1.177871e-01 9.199542e-03 8.463158e-05 9.646819e-02 1.624359e-01 1.033124e-02 1.067345e-04 -1.906670e-01 1.862854e-01 1.599455e-01 2.558257e-02 1.545513e-01 1.316866e-01 1.594791e-01 2.587203e-01 0.000e+00
9.000000e+04 -1.514474e-01 1.339931e-01 9.658321e-04 -1.822376e-01 -1.189324e-01 9.357923e-03 8.757073e-05 9.456965e-02 1.668804e-01 1.044514e-02 1.091010e-04 -1.885730e-01 1.909000e-01 1.589553e-01 2.526678e-02 1.514474e-01 1.339931e-01 1.584239e-01 2.574528e-01 0.000e+00
1.000000e+05 -1.554372e-01 1.278069e-01 2.499176e-04 -1.886094e-01 -1.233418e-01 9.085671e-03 8.254942e-05 8.820987e-02 1.674390e-01 1.105563e-02 1.222271e-04 -1.878812e-01 1.878632e-01 1.600420e-01 2.561344e-02 1.554372e-01 1.278069e-01 1.595954e-01 2.573924e-01 0.000e+00
1.100000e+05 -1.561387e-01 1.295916e-01 -1.465682e-03 -1.860080e-01 -1.245197e-01 9.170226e-03 8.409305e-05 8.378091e-02 1.620063e-01 1.136231e-02 1.291021e-04 -1.877902e-01 1.858666e-01 1.586689e-01 2.517583e-02 1.561387e-01 1.295916e-01 1.581846e-01 2.578671e-01 0.000e+00
1.200000e+05 -1.546359e-01 1.290232e-01 9.966607e-04 -1.845940e-01 -1.208650e-01 8.853422e-03 7.838308e-05 8.892720e-02 1.590195e-01 1.067493e-02 1.139542e-04 -1.863656e-01 1.923703e-01 1.610429e-01 2.593482e-02 1.546359e-01 1.290232e-01 1.605914e-01 2.580960e-01 0.000e+00
1.300000e+05 -1.533409e-01 1.272915e-01 -7.376893e-04 -1.898795e-01 -1.242289e-01 8.965731e-03 8.038433e-05 9.487239e-02 1.620237e-01 9.943316e-03 9.886954e-05 -1.926938e-01 1.918966e-01 1.621601e-01 2.629589e-02 1.533409e-01 1.272915e-01 1.617599e-01 2.571387e-01 0.000e+00
1.400000e+05 -1.559057e-01 1.265974e-01 -7.692956e-04 -1.834984e-01 -1.230392e-01 8.511747e-03 7.244984e-05 8.762119e-02 1.591190e-01 1.072995e-02 1.151319e-04 -1.919546e-01 1.894700e-01 1.604344e-01 2.573919e-02 1.559057e-01 1.265974e-01 1.599934e-01 2.572879e-01 0.000e+00
1.500000e+05 -1.586152e-01 1.229084e-01 9.948745e-04 -1.930215e-01 -1.222666e-01 9.146360e-03 8.365590e-05 8.407993e-02 1.535450e-01 1.092325e-02 1.193173e-04 -1.877374e-01 1.882133e-01 1.622601e-01 2.632834e-02 1.586152e-01 1.229084e-01 1.618262e-01 2.583186e-01 0.000e+00
1.600000e+05 -1.557146e-01 1.251261e-01 -7.723468e-04 -1.827244e-01 -1.198873e-01 8.905718e-03 7.931181e-05 8.750858e-02 1.643506e-01 1.089933e-02 1.187954e-04 -1.890604e-01 1.906921e-01 1.615270e-01 2.609096e-02 1.557146e-01 1.251261e-01 1.611405e-01 2.571519e-01 0.000e+00
1.700000e+05 -1.571819e-01 1.232791e-01 -5.314151e-04 -1.877037e-01 -1.311374e-01 8.779541e-03 7.708034e-05 8.384091e-02 1.551431e-01 1.062731e-02 1.129397e-04 -1.937619e-01 1.896759e-01 1.624733e-01 2.639756e-02 1.571819e-01 1.232791e-01 1.620127e-01 2.577200e-01 0.000e+00
1.800000e+05 -1.594278e-01 1.223299e-01 4.017170e-04 -1.847141e-01 -1.296659e-01 8.648714e-03 7.480025e-05 7.780210e-02 1.549636e-01 1.108052e-02 1.227778e-04 -1.938691e-01 1.898976e-01 1.612585e-01 2.600430e-02 1.594278e-01 1.223299e-01 1.608153e-01 2.579043e-01 0.000e+00
1.900000e+05 -1.605077e-01 1.197237e-01 -7.889164e-04 -1.915845e-01 -1.274659e-01 9.121544e-03 8.320256e-05 7.448266e-02 1.650547e-01 1.091717e-02 1.191847e-04 -1.966202e-01 1.936980e-01 1.610719e-01 2.594416e-02 1.605077e-01 1.197237e-01 1.605518e-01 2.572510e-01 0.000e+00
2.000000e+05 -1.604428e-01 1.186395e-01 8.804357e-05 -1.908405e-01 -1.291344e-01 8.926488e-03 7.968219e-05 7.669370e-02 1.513783e-01 1.041513e-02 1.084750e-04 -1.895416e-01 1.959800e-01 1.623270e-01 2.635007e-02 1.604428e-01 1.186395e-01 1.618147e-01 2.574648e-01 0.000e+00
2.100000e+05 -1.603251e-01 1.208675e-01 1.189044e-04 -1.872234e-01 -1.270032e-01 8.739562e-03 7.637995e-05 8.062100e-02 1.540207e-01 1.073834e-02 1.153120e-04 -1.877282e-01 1.884240e-01 1.615380e-01 2.609454e-02 1.603251e-01 1.208675e-01 1.610848e-01 2.579285e-01 0.000e+00
2.200000e+05 -1.615645e-01 1.165683e-01 -4.198215e-04 -1.908281e-01 -1.302130e-01 8.810718e-03 7.762875e-05 6.094223e-02 1.528190e-01 1.168597e-02 1.365618e-04 -1.930639e-01 1.902821e-01 1.629258e-01 2.654482e-02 1.615645e-01 1.165683e-01 1.625030e-01 2.576539e-01 0.000e+00
2.300000e+05 -1.625928e-01 1.134673e-01 3.825893e-04 -1.918885e-01 -1.247003e-01 9.003198e-03 8.105757e-05 7.142283e-02 1.446837e-01 1.120171e-02 1.254783e-04 -1.902800e-01 1.989289e-01 1.629909e-01 2.656604e-02 1.625928e-01 1.134673e-01 1.624943e-01 2.569290e-01 0.000e+00
2.400000e+05 -1.618115e-01 1.157976e-01 -5.517305e-04 -1.879330e-01 -1.311699e-01 8.532929e-03 7.281088e-05 6.549305e-02 1.558618e-01 1.096248e-02 1.201759e-04 -1.879227e-01 1.923354e-01 1.626343e-01 2.644990e-02 1.618115e-01 1.157976e-01 1.621833e-01 2.572325e-01 0.000e+00
2.500000e+05 -1.617931e-01 1.154418e-01 4.365778e-05 -1.882876e-01 -1.280476e-01 8.660513e-03 7.500448e-05 8.138634e-02 1.439808e-01 9.964678e-03 9.929481e-05 -1.896516e-01 1.960992e-01 1.639457e-01 2.687821e-02 1.617931e-01 1.154418e-01 1.635780e-01 2.578662e-01 0.000e+00
2.600000e+05 -1.627552e-01 1.115601e-01 6.881377e-04 -1.916819e-01 -1.354415e-01 8.378785e-03 7.020404e-05 5.824704e-02 1.460776e-01 1.088174e-02 1.184122e-04 -1.908823e-01 1.951918e-01 1.653087e-01 2.732697e-02 1.627552e-01 1.115601e-01 1.649153e-01 2.576349e-01 0.000e+00
2.700000e+05 -1.639286e-01 1.102389e-01 -8.140382e-04 -1.891952e-01 -1.353745e-01 8.535996e-03 7.286323e-05 6.460287e-02 1.442340e-01 1.107156e-02 1.225795e-04 -1.929007e-01 1.935966e-01 1.643653e-01 2.701596e-02 1.639286e-01 1.102389e-01 1.638902e-01 2.572291e-01 0.000e+00
2.800000e+05 -1.647369e-01 1.104063e-01 5.857275e-04 -1.917511e-01 -1.327677e-01 8.580583e-03 7.362641e-05 7.270622e-02 1.436865e-01 1.123982e-02 1.263335e-04 -1.923719e-01 1.912960e-01 1.634507e-01 2.671613e-02 1.647369e-01 1.104063e-01 1.630542e-01 2.572448e-01 0.000e+00
2.900000e+05 -1.655128e-01 1.094881e-01 2.675030e-04 -1.949505e-01 -1.327541e-01 8.578984e-03 7.359896e-05 6.538224e-02 1.449383e-01 1.114455e-02 1.242010e-04 -1.958756e-01 1.935642e-01 1.640863e-01 2.692432e-02 1.655128e-01 1.094881e-01 1.636677e-01 2.577573e-01 0.000e+00
3.000000e+05 -1.647338e-01 1.077514e-01 -5.839154e-04 -1.882756e-01 -1.378525e-01 8.035772e-03 6.457362e-05 6.891749e-02 1.449482e-01 1.096863e-02 1.203109e-04 -1.931795e-01 1.914275e-01 1.660362e-01 2.756804e-02 1.647338e-01 1.077514e-01 1.655645e-01 2.577221e-01 0.000e+00
3.100000e+05 -1.664916e-01 1.056929e-01 7.533737e-04 -1.948745e-01 -1.380502e-01 8.033392e-03 6.453539e-05 6.377957e-02 1.387006e-01 1.094043e-02 1.196929e-04 -1.909599e-01 1.969900e-01 1.649202e-01 2.719867e-02 1.664916e-01 1.056929e-01 1.644600e-01 2.573003e-01 0.000e+00
3.200000e+05 -1.689451e-01 1.045498e-01 7.003309e-05 -1.994008e-01 -1.398942e-01 8.474595e-03 7.181875e-05 6.454578e-02 1.402592e-01 1.101119e-02 1.212463e-04 -1.920028e-01 1.940420e-01 1.631758e-01 2.662635e-02 1.689451e-01 1.045498e-01 1.627458e-01 2.573552e-01 0.000e+00
3.300000e+05 -1.676103e-01 1.045790e-01 -9.375187e-04 -1.948933e-01 -1.413372e-01 8.258548e-03 6.820362e-05 6.579320e-02 1.351440e-01 1.098910e-02 1.207603e-04 -1.878272e-01 2.015990e-01 1.650674e-01 2.724725e-02 1.676103e-01 1.045790e-01 1.646211e-01 2.576765e-01 0.000e+00
3.400000e+05 -1.660936e-01 1.027984e-01 1.240331e-03 -1.950444e-01 -1.354432e-01 8.460398e-03 7.157833e-05 5.271381e-02 1.383581e-01 1.171841e-02 1.373211e-04 -1.980183e-01 1.990304e-01 1.681380e-01 2.827040e-02 1.660936e-01 1.027984e-01 1.677039e-01 2.580028e-01 0.000e+00
3.500000e+05 -1.698042e-01 9.956195e-02 -7.619371e-04 -1.984683e-01 -1.375560e-01 8.084878e-03 6.536525e-05 5.079471e-02 1.353366e-01 1.187084e-02 1.409167e-04 -1.917354e-01 1.932493e-01 1.660058e-01 2.755792e-02 1.698042e-01 9.956195e-02 1.655907e-01 2.577653e-01 0.000e+00
3.600000e+05 -1.703158e-01 9.913461e-02 2.619913e-04 -1.977897e-01 -1.389786e-01 8.462520e-03 7.161424e-05 5.347577e-02 1.392075e-01 1.151700e-02 1.326413e-04 -1.921338e-01 1.956041e-01 1.649890e-01 2.722137e-02 1.703158e-01 9.913461e-02 1.645556e-01 2.572779e-01 0.000e+00
3.700000e+05 -1.683752e-01 1.003344e-01 3.331032e-04 -2.003026e-01 -1.364148e-01 8.324615e-03 6.929921e-05 6.150831e-02 1.339568e-01 1.098971e-02 1.207738e-04 -1.923179e-01 1.940406e-01 1.667845e-01 2.781708e-02 1.683752e-01 1.003344e-01 1.663880e-01 2.575961e-01 0.000e+00
3.800000e+05 -1.686423e-01 9.838003e-02 -2.207113e-04 -2.009423e-01 -1.321792e-01 8.608105e-03 7.409947e-05 5.980436e-02 1.412150e-01 1.144814e-02 1.310599e-04 -1.969776e-01 1.968585e-01 1.688705e-01 2.851726e-02 1.686423e-01 9.838003e-02 1.684298e-01 2.584100e-01 0.000e+00
3.900000e+05 -1.721454e-01 9.373257e-02 -1.092204e-04 -1.974967e-01 -1.428127e-01 8.243463e-03 6.795467e-05 5.450443e-02 1.287768e-01 1.202908e-02 1.446988e-04 -1.944088e-01 1.999498e-01 1.669392e-01 2.786871e-02 1.721454e-01 9.373257e-02 1.664718e-01 2.577365e-01 0.000e+00
4.000000e+05 -1.726777e-01 9.263996e-02 2.441936e-05 -1.979030e-01 -1.379180e-01 8.126257e-03 6.603606e-05 4.687981e-02 1.412575e-01 1.197364e-02 1.433680e-04 -1.916953e-01 1.950869e-01 1.662429e-01 2.763670e-02 1.726777e-01 9.263996e-02 1.658178e-01 2.572512e-01 0.000e+00
4.100000e+05 -1.711195e-01 9.476629e-02 -7.131017e-04 -2.013482e-01 -1.404713e-01 7.945061e-03 6.312399e-05 5.671632e-02 1.314946e-01 1.094331e-02 1.197561e-04 -1.929821e-01 1.942346e-01 1.674154e-01 2.802791e-02 1.711195e-01 9.476629e-02 1.670075e-01 2.576810e-01 0.000e+00
4.200000e+05 -1.723867e-01 9.249004e-02 5.803698e-04 -2.004748e-01 -1.480478e-01 8.132488e-03 6.613737e-05 5.602194e-02 1.261789e-01 1.126427e-02 1.268838e-04 -2.054183e-01 1.953082e-01 1.686445e-01 2.844096e-02 1.723867e-01 9.249004e-02 1.681668e-01 2.585170e-01 0.000e+00
4.300000e+05 -1.741796e-01 8.764967e-02 -7.575594e-04 -2.013654e-01 -1.402441e-01 8.122750e-03 6.597906e-05 3.720144e-02 1.261618e-01 1.240989e-02 1.540054e-04 -1.958930e-01 1.934979e-01 1.685263e-01 2.840110e-02 1.741796e-01 8.764967e-02 1.680682e-01 2.580056e-01 0.000e+00
4.400000e+05 -1.741586e-01 8.582257e-02 -5.841469e-04 -2.022544e-01 -1.455617e-01 8.353569e-03 6.978211e-05 3.910030e-02 1.177725e-01 1.215829e-02 1.478239e-04 -1.991852e-01 1.977990e-01 1.678494e-01 2.817344e-02 1.741586e-01 8.582257e-02 1.674431e-01 2.569503e-01 0.000e+00
4.500000e+05 -1.746233e-01 8.828504e-02 9.563545e-04 -2.026010e-01 -1.474788e-01 8.131473e-03 6.612085e-05 4.689040e-02 1.272846e-01 1.163444e-02 1.353602e-04 -1.960766e-01 1.976500e-01 1.684708e-01 2.838240e-02 1.746233e-01 8.828504e-02 1.680118e-01 2.584516e-01 0.000e+00
4.600000e+05 -1.732241e-01 8.715358e-02 -1.136799e-03 -2.026238e-01 -1.359663e-01 8.362313e-03 6.992827e-05 4.709347e-02 1.251221e-01 1.118534e-02 1.251118e-04 -1.966504e-01 2.000053e-01 1.706937e-01 2.913635e-02 1.732241e-01 8.715358e-02 1.702560e-01 2.585795e-01 0.000e+00
4.700000e+05 -1.749036e-01 8.226868e-02 5.256704e-04 -1.982837e-01 -1.481288e-01 7.894095e-03 6.231673e-05 4.207702e-02 1.177834e-01 1.245444e-02 1.551131e-04 -1.996964e-01 1.973900e-01 1.697925e-01 2.882950e-02 1.749036e-01 8.226868e-02 1.693749e-01 2.575591e-01 0.000e+00
4.800000e+05 -1.778530e-01 7.953254e-02 3.834599e-04 -2.132678e-01 -1.490005e-01 8.363238e-03 6.994375e-05 3.677080e-02 1.137337e-01 1.222480e-02 1.494456e-04 -1.936814e-01 1.947533e-01 1.692616e-01 2.864949e-02 1.778530e-01 7.953254e-02 1.688120e-01 2.583743e-01 0.000e+00
4.900000e+05 -1.766564e-01 8.061710e-02 -1.138548e-03 -2.064654e-01 -1.463101e-01 8.022360e-03 6.435826e-05 3.206287e-02 1.151153e-01 1.191026e-02 1.418543e-04 -1.980308e-01 1.981730e-01 1.691486e-01 2.861125e-02 1.766564e-01 8.061710e-02 1.686864e-01 2.577910e-01 0.000e+00
5.000000e+05 -1.753999e-01 8.100009e-02 3.476267e-04 -2.047501e-01 -1.475672e-01 7.775043e-03 6.045129e-05 3.943959e-02 1.182175e-01 1.144580e-02 1.310064e-04 -1.963950e-01 2.001455e-01 1.715688e-01 2.943586e-02 1.753999e-01 8.100009e-02 1.711565e-01 2.586195e-01 0.000e+00
5.100000e+05 -1.778010e-01 7.684653e-02 7.495486e-05 -2.060090e-01 -1.514957e-01 8.101135e-03 6.562839e-05 3.089972e-02 1.120401e-01 1.298614e-02 1.686399e-04 -1.938233e-01 1.985994e-01 1.711577e-01 2.929497e-02 1.778010e-01 7.684653e-02 1.707111e-01 2.587887e-01 0.000e+00
5.200000e+05 -1.798678e-01 7.287741e-02 -1.158382e-03 -2.065847e-01 -1.516269e-01 8.194481e-03 6.714951e-05 2.746540e-02 1.143472e-01 1.271450e-02 1.616585e-04 -1.979789e-01 1.961554e-01 1.693863e-01 2.869173e-02 1.798678e-01 7.287741e-02 1.689374e-01 2.578970e-01 0.000e+00
5.300000e+05 -1.786938e-01 7.417339e-02 6.540553e-04 -2.107540e-01 -1.454264e-01 8.051813e-03 6.483169e-05 2.552933e-02 1.102998e-01 1.211815e-02 1.468495e-04 -2.013564e-01 1.974135e-01 1.699372e-01 2.887866e-02 1.786938e-01 7.417339e-02 1.695024e-01 2.577807e-01 0.000e+00
5.400000e+05 -1.780509e-01 7.390421e-02 -2.461371e-05 -2.101821e-01 -1.418473e-01 8.197941e-03 6.720624e-05 2.305662e-02 1.130055e-01 1.282537e-02 1.644901e-04 -2.012136e-01 1.999341e-01 1.725398e-01 2.976997e-02 1.780509e-01 7.390421e-02 1.721099e-01 2.590243e-01 0.000e+00
5.500000e+05 -1.800827e-01 6.908797e-02 -2.359060e-04 -2.066967e-01 -1.543584e-01 7.900872e-03 6.242378e-05 2.162638e-02 1.098353e-01 1.316991e-02 1.734465e-04 -1.998223e-01 1.993122e-01 1.733905e-01 3.006425e-02 1.800827e-01 6.908797e-02 1.729722e-01 2.596639e-01 0.000e+00
5.600000e+05 -1.804252e-01 6.482546e-02 1.169987e-03 -2.015324e-01 -1.524003e-01 7.739472e-03 5.989943e-05 3.610824e-03 1.071927e-01 1.336397e-02 1.785956e-04 -1.968907e-01 2.018398e-01 1.708154e-01 2.917792e-02 1.804252e-01 6.482546e-02 1.703933e-01 2.570944e-01 0.000e+00
5.700000e+05 -1.824169e-01 6.400362e-02 -6.210046e-04 -2.094028e-01 -1.591828e-01 7.794852e-03 6.075971e-05 1.056681e-02 1.010943e-01 1.433648e-02 2.055348e-04 -1.979369e-01 1.983959e-01 1.708125e-01 2.917691e-02 1.824169e-01 6.400362e-02 1.704082e-01 2.583589e-01 0.000e+00
5.800000e+05 -1.805554e-01 6.615607e-02 -1.790708e-04 -2.064010e-01 -1.558745e-01 7.985383e-03 6.376634e-05 2.067838e-02 1.043823e-01 1.305678e-02 1.704794e-04 -2.022129e-01 2.029088e-01 1.746809e-01 3.051342e-02 1.805554e-01 6.615607e-02 1.742376e-01 2.600969e-01 0.000e+00
5.900000e+05 -1.802600e-01 6.472889e-02 2.628346e-04 -2.050426e-01 -1.542885e-01 7.590639e-03 5.761780e-05 8.826454e-03 1.003688e-01 1.258986e-02 1.585046e-04 -2.061755e-01 2.017746e-01 1.733855e-01 3.006252e-02 1.802600e-01 6.472889e-02 1.729261e-01 2.586129e-01 0.000e+00
6.000000e+05 -1.844996e-01 5.489567e-02 -1.177153e-03 -2.122358e-01 -1.566194e-01 8.068833e-03 6.510607e-05 -4.490651e-03 9.812236e-02 1.485817e-02 2.207651e-04 -1.980565e-01 2.002067e-01 1.715821e-01 2.944042e-02 1.844996e-01 5.489941e-02 1.711780e-01 2.582844e-01 0.000e+00
6.100000e+05 -1.858619e-01 4.974216e-02 9.118135e-04 -2.124376e-01 -1.592274e-01 7.898008e-03 6.237852e-05 -1.637067e-02 9.304969e-02 1.684087e-02 2.836148e-04 -1.984376e-01 1.968533e-01 1.728253e-01 2.986860e-02 1.858619e-01 4.984210e-02 1.724112e-01 2.591580e-01 0.000e+00
6.200000e+05 -1.822251e-01 5.839851e-02 9.469838e-06 -2.087227e-01 -1.515180e-01 7.879739e-03 6.209029e-05 -1.200806e-03 9.677770e-02 1.365229e-02 1.863849e-04 -1.993510e-01 2.006527e-01 1.748635e-01 3.057724e-02 1.822251e-01 5.839986e-02 1.744093e-01 2.595507e-01 0.000e+00
6.300000e+05 -1.830936e-01 5.541715e-02 -6.704469e-04 -2.102954e-01 -1.498043e-01 8.246178e-03 6.799944e-05 -6.988131e-03 1.026102e-01 1.500642e-02 2.251927e-04 -2.047692e-01 2.026994e-01 1.740519e-01 3.029405e-02 1.830936e-01 5.543001e-02 1.736250e-01 2.590440e-01 0.000e+00
6.400000e+05 -1.869272e-01 4.582786e-02 8.317705e-04 -2.138482e-01 -1.592191e-01 8.314850e-03 6.913673e-05 -1.747409e-02 8.675298e-02 1.685290e-02 2.840203e-04 -2.031868e-01 2.042104e-01 1.739553e-01 3.026046e-02 1.869272e-01 4.592479e-02 1.735480e-01 2.599805e-01 0.000e+00
6.500000e+05 -1.864816e-01 3.298043e-02 -9.991731e-04 -2.168502e-01 -1.593312e-01 7.813304e-03 6.104773e-05 -4.433099e-02 8.525894e-02 1.854985e-02 3.440968e-04 -1.991477e-01 2.000646e-01 1.748152e-01 3.056037e-02 1.864816e-01 3.383749e-02 1.743971e-01 2.583650e-01 0.000e+00
6.600000e+05 -1.864520e-01 3.718548e-02 -1.260645e-05 -2.133811e-01 -1.613882e-01 8.055024e-03 6.488342e-05 -6.047717e-02 8.579667e-02 2.239202e-02 5.014024e-04 -2.046665e-01 2.020129e-01 1.755642e-01 3.082279e-02 1.864520e-01 3.975081e-02 1.751227e-01 2.597236e-01 0.000e+00
6.700000e+05 -1.859061e-01 4.480301e-02 6.582916e-04 -2.124117e-01 -1.588833e-01 7.729865e-03 5.975081e-05 -3.143832e-02 8.585882e-02 1.499820e-02 2.249461e-04 -2.015705e-01 2.046260e-01 1.757203e-01 3.087764e-02 1.859061e-01 4.493436e-02 1.753122e-01 2.601173e-01 0.000e+00
6.800000e+05 -1.872335e-01 4.051336e-02 -1.062608e-03 -2.169862e-01 -1.569093e-01 7.670295e-03 5.883343e-05 -2.027943e-02 9.015434e-02 1.518973e-02 2.307280e-04 -2.006636e-01 2.026927e-01 1.752398e-01 3.070900e-02 1.872335e-01 4.061843e-02 1.748523e-01 2.600490e-01 0.000e+00
6.900000e+05 -1.882851e-01 2.670034e-02 3.904239e-04 -2.132875e-01 -1.620669e-01 7.813757e-03 6.105480e-05 -4.399059e-02 7.542198e-02 2.002832e-02 4.011337e-04 -2.015268e-01 2.027673e-01 1.744688e-01 3.043936e-02 1.882851e-01 2.892368e-02 1.740030e-01 2.587988e-01 0.000e+00
7.000000e+05 -1.894454e-01 -1.794693e-03 3.360407e-04 -2.259710e-01 -1.617549e-01 8.016209e-03 6.425961e-05 -7.565816e-02 6.961160e-02 2.568121e-02 6.595247e-04 -2.088083e-01 2.100360e-01 1.775241e-01 3.151481e-02 1.894454e-01 2.115284e-02 1.770813e-01 2.608760e-01 0.000e+00
7.100000e+05 -1.883150e-01 -1.777155e-02 -8.099932e-04 -2.174866e-01 -1.622381e-01 7.873691e-03 6.199500e-05 -7.597592e-02 7.091090e-02 2.463170e-02 6.067207e-04 -2.043561e-01 2.013025e-01 1.764743e-01 3.114320e-02 1.883150e-01 2.583695e-02 1.760682e-01 2.598445e-01 0.000e+00
7.200000e+05 -1.896563e-01 -2.413121e-02 7.875698e-04 -2.172055e-01 -1.618800e-01 7.842715e-03 6.150818e-05 -7.550358e-02 3.623469e-02 1.988993e-02 3.956094e-04 -1.996827e-01 2.021739e-01 1.753500e-01 3.074761e-02 1.896563e-01 2.664523e-02 1.748736e-01 2.601480e-01 0.000e+00
7.300000e+05 -1.900984e-01 -6.509261e-03 -3.123123e-04 -2.161378e-01 -1.629052e-01 7.848805e-03 6.160374e-05 -7.205111e-02 7.095825e-02 2.650041e-02 7.022715e-04 -2.061925e-01 2.012029e-01 1.761119e-01 3.101539e-02 1.900984e-01 2.302979e-02 1.756820e-01 2.605463e-01 0.000e+00
7.400000e+05 -1.890215e-01 6.207977e-03 -9.132216e-04 -2.215782e-01 -1.594179e-01 7.814807e-03 6.107121e-05 -5.431778e-02 7.422590e-02 2.276409e-02 5.182038e-04 -2.125724e-01 2.081965e-01 1.788287e-01 3.197971e-02 1.890215e-01 1.914517e-02 1.784046e-01 2.612508e-01 0.000e+00
7.500000e+05 -1.902654e-01 1.332420e-02 4.583040e-04 -2.212701e-01 -1.659873e-01 7.524644e-03 5.662027e-05 -4.967540e-02 6.936820e-02 1.956660e-02 3.828518e-04 -1.996225e-01 2.069445e-01 1.766629e-01 3.120977e-02 1.902654e-01 1.918026e-02 1.762369e-01 2.606765e-01 0.000e+00
7.600000e+05 -1.910507e-01 1.032388e-02 -2.504287e-04 -2.143905e-01 -1.651183e-01 7.480634e-03 5.595989e-05 -4.953371e-02 6.037729e-02 1.870469e-02 3.498653e-04 -2.069195e-01 2.041858e-01 1.768544e-01 3.127748e-02 1.910507e-01 1.751575e-02 1.764177e-01 2.611846e-01 0.000e+00
7.700000e+05 -1.900107e-01 -7.533435e-03 1.080730e-04 -2.152078e-01 -1.663360e-01 7.697094e-03 5.924525e-05 -7.025560e-02 5.535137e-02 2.158950e-02 4.661063e-04 -2.051215e-01 2.073453e-01 1.778324e-01 3.162435e-02 1.900107e-01 1.867652e-02 1.774132e-01 2.612158e-01 0.000e+00
7.800000e+05 -1.908145e-01 -1.423305e-02 2.790885e-04 -2.179207e-01 -1.681333e-01 7.818395e-03 6.112730e-05 -6.457109e-02 4.053059e-02 1.725539e-02 2.977483e-04 -2.057332e-01 2.044389e-01 1.778346e-01 3.162515e-02 1.908145e-01 1.862635e-02 1.774318e-01 2.617743e-01 0.000e+00
7.900000e+05 -1.910149e-01 -2.669866e-03 -5.493409e-04 -2.169467e-01 -1.666579e-01 7.658458e-03 5.865198e-05 -6.054512e-02 5.413347e-02 1.841283e-02 3.390322e-04 -2.035736e-01 2.072786e-01 1.786453e-01 3.191414e-02 1.910149e-01 1.489056e-02 1.781954e-01 2.621660e-01 0.000e+00
8.000000e+05 -1.917066e-01 7.719181e-03 5.105299e-04 -2.206807e-01 -1.651691e-01 7.227835e-03 5.224159e-05 -4.986826e-02 6.784568e-02 1.904745e-02 3.628055e-04 -2.019723e-01 2.039831e-01 1.768468e-01 3.127481e-02 1.917066e-01 1.655121e-02 1.764231e-01 2.615835e-01 0.000e+00
8.100000e+05 -1.918669e-01 8.772758e-03 -1.332366e-04 -2.141123e-01 -1.647666e-01 7.255157e-03 5.263730e-05 -3.755560e-02 5.705711e-02 1.576428e-02 2.485124e-04 -2.076190e-01 2.054718e-01 1.781647e-01 3.174267e-02 1.918669e-01 1.446114e-02 1.777426e-01 2.624093e-01 0.000e+00
8.200000e+05 -1.909476e-01 -4.457241e-04 -5.326843e-04 -2.190917e-01 -1.621138e-01 7.712138e-03 5.947708e-05 -4.909412e-02 5.568533e-02 1.581762e-02 2.501970e-04 -2.059597e-01 2.040522e-01 1.795192e-01 3.222714e-02 1.909476e-01 1.266787e-02 1.790991e-01 2.625392e-01 0.000e+00
8.300000e+05 -1.920846e-01 -8.108904e-03 8.215124e-04 -2.173418e-01 -1.634728e-01 7.901893e-03 6.243991e-05 -5.299028e-02 4.926613e-02 1.697973e-02 2.883111e-04 -2.106390e-01 2.058726e-01 1.787088e-01 3.193685e-02 1.920846e-01 1.545439e-02 1.782645e-01 2.629960e-01 0.000e+00
8.400000e+05 -1.925685e-01 -4.061776e-03 -3.419308e-04 -2.163052e-01 -1.595519e-01 7.450036e-03 5.550304e-05 -5.734233e-02 4.740919e-02 1.659845e-02 2.755084e-04 -2.040997e-01 2.020060e-01 1.777019e-01 3.157797e-02 1.925685e-01 1.375454e-02 1.773133e-01 2.625530e-01 0.000e+00
8.500000e+05 -1.914299e-01 7.291306e-03 -3.117745e-04 -2.165945e-01 -1.651106e-01 7.346322e-03 5.396844e-05 -4.737631e-02 5.740012e-02 1.621311e-02 2.628649e-04 -2.015876e-01 2.097760e-01 1.801836e-01 3.246612e-02 1.914299e-01 1.450812e-02 1.798034e-01 2.634601e-01 0.000e+00
8.600000e+05 -1.924281e-01 7.638127e-03 9.508541e-04 -2.167022e-01 -1.625909e-01 7.595836e-03 5.769672e-05 -4.538357e-02 5.631076e-02 1.501869e-02 2.255612e-04 -2.047675e-01 2.146531e-01 1.790399e-01 3.205529e-02 1.924281e-01 1.350616e-02 1.785885e-01 2.633440e-01 0.000e+00
8.700000e+05 -1.929599e-01 -4.237284e-03 -5.480146e-04 -2.195030e-01 -1.657501e-01 7.594944e-03 5.768317e-05 -4.826034e-02 4.492502e-02 1.483146e-02 2.199723e-04 -2.070057e-01 2.067381e-01 1.793732e-01 3.217475e-02 1.929599e-01 1.258155e-02 1.789239e-01 2.638635e-01 0.000e+00
8.800000e+05 -1.926484e-01 -8.151809e-03 -1.323888e-04 -2.226887e-01 -1.641343e-01 8.158009e-03 6.655311e-05 -5.815643e-02 4.216493e-02 1.516418e-02 2.299525e-04 -2.037185e-01 2.026955e-01 1.794195e-01 3.219134e-02 1.926484e-01 1.385267e-02 1.790061e-01 2.638133e-01 0.000e+00
8.900000e+05 -1.932587e-01 1.370009e-03 4.937331e-04 -2.176393e-01 -1.628310e-01 7.318538e-03 5.356100e-05 -4.858317e-02 5.371847e-02 1.506342e-02 2.269068e-04 -2.022169e-01 2.120325e-01 1.790503e-01 3.205901e-02 1.932587e-01 1.197864e-02 1.786378e-01 2.638432e-01 0.000e+00
9.000000e+05 -1.933325e-01 6.244283e-03 -6.883035e-04 -2.181062e-01 -1.599730e-01 7.483576e-03 5.600391e-05 -3.702515e-02 4.989507e-02 1.433629e-02 2.055293e-04 -2.094009e-01 2.069664e-01 1.800316e-01 3.241139e-02 1.933325e-01 1.266858e-02 1.795822e-01 2.646004e-01 0.000e+00
9.100000e+05 -1.928538e-01 1.382674e-03 7.165270e-04 -2.155463e-01 -1.644771e-01 7.724615e-03 5.966968e-05 -4.296714e-02 4.762091e-02 1.394032e-02 1.943326e-04 -2.062217e-01 2.102030e-01 1.812083e-01 3.283643e-02 1.928538e-01 1.121343e-02 1.807808e-01 2.649813e-01 0.000e+00
9.200000e+05 -1.941308e-01 -4.782232e-03 2.273683e-05 -2.174252e-01 -1.652663e-01 7.515151e-03 5.647750e-05 -4.983623e-02 4.797904e-02 1.428680e-02 2.041126e-04 -2.056090e-01 2.074999e-01 1.788902e-01 3.200170e-02 1.941308e-01 1.198928e-02 1.784931e-01 2.644001e-01 0.000e+00
9.300000e+05 -1.936137e-01 -2.322734e-03 -9.551477e-04 -2.158645e-01 -1.705738e-01 7.221061e-03 5.214372e-05 -5.237094e-02 4.387423e-02 1.447761e-02 2.096011e-04 -2.088836e-01 2.113728e-01 1.806986e-01 3.265197e-02 1.936137e-01 1.171497e-02 1.802875e-01 2.651875e-01 0.000e+00
9.400000e+05 -1.936558e-01 4.088022e-03 8.661186e-04 -2.209472e-01 -1.673468e-01 7.593630e-03 5.766322e-05 -4.373095e-02 4.679108e-02 1.346467e-02 1.812975e-04 -2.044553e-01 2.100188e-01 1.818631e-01 3.307417e-02 1.936558e-01 1.136903e-02 1.813905e-01 2.660028e-01 0.000e+00
9.500000e+05 -1.946667e-01 2.467676e-03 -4.995153e-05 -2.207849e-01 -1.681027e-01 7.180177e-03 5.155494e-05 -3.610051e-02 4.864575e-02 1.325697e-02 1.757474e-04 -2.109622e-01 2.051430e-01 1.799062e-01 3.236626e-02 1.946667e-01 1.085749e-02 1.794936e-01 2.653757e-01 0.000e+00
9.600000e+05 -1.939191e-01 -2.311713e-03 -1.189450e-04 -2.175765e-01 -1.713414e-01 7.461344e-03 5.567166e-05 -4.320351e-02 4.290412e-02 1.319894e-02 1.742121e-04 -2.141158e-01 2.077857e-01 1.810668e-01 3.278519e-02 1.939191e-01 1.080989e-02 1.806860e-01 2.656238e-01 0.000e+00
9.700000e+05 -1.952937e-01 -2.695072e-03 4.292825e-04 -2.182047e-01 -1.710411e-01 7.219338e-03 5.211885e-05 -4.459142e-02 3.660850e-02 1.287360e-02 1.657297e-04 -2.064786e-01 2.168143e-01 1.808061e-01 3.269085e-02 1.952937e-01 1.041668e-02 1.803369e-01 2.664066e-01 0.000e+00
9.800000e+05 -1.948775e-01 3.550487e-04 -6.966511e-04 -2.219045e-01 -1.699935e-01 7.458027e-03 5.562217e-05 -3.757636e-02 4.239172e-02 1.237134e-02 1.530501e-04 -2.079504e-01 2.132466e-01 1.811857e-01 3.282825e-02 1.948775e-01 9.867682e-03 1.807267e-01 2.663463e-01 0.000e+00
9.900000e+05 -1.942135e-01 2.857206e-03 4.815278e-04 -2.170646e-01 -1.702242e-01 7.228695e-03 5.225403e-05 -3.398122e-02 4.056145e-02 1.224494e-02 1.499385e-04 -2.073555e-01 2.100584e-01 1.820900e-01 3.315677e-02 1.942135e-01 1.003054e-02 1.816904e-01 2.664813e-01 0.000e+00
1.000000e+06 -1.962441e-01 9.937376e-04 6.325371e-05 -2.234822e-01 -1.662650e-01 7.530356e-03 5.670626e-05 -3.977275e-02 3.730513e-02 1.254255e-02 1.573157e-04 -2.052784e-01 2.076593e-01 1.809624e-01 3.274738e-02 1.962441e-01 1.020048e-02 1.805309e-01 2.672089e-01 0.000e+00
1.010000e+06 -1.949605e-01 -2.415703e-03 -5.959560e-04 -2.189951e-01 -1.681527e-01 7.170318e-03 5.141347e-05 -4.939314e-02 3.953673e-02 1.264138e-02 1.598044e-04 -2.102793e-01 2.077351e-01 1.807025e-01 3.265338e-02 1.949605e-01 1.027460e-02 1.802516e-01 2.660894e-01 0.000e+00
1.020000e+06 -1.934649e-01 -2.480631e-03 6.141852e-04 -2.150083e-01 -1.698919e-01 7.185202e-03 5.162713e-05 -4.846632e-02 4.091396e-02 1.291399e-02 1.667712e-04 -2.075088e-01 2.091006e-01 1.830540e-01 3.350878e-02 1.934649e-01 1.056780e-02 1.826387e-01 2.666231e-01 0.000e+00
1.030000e+06 -1.953918e-01 4.571224e-03 -4.364711e-04 -2.173758e-01 -1.695217e-01 7.261347e-03 5.272716e-05 -4.347682e-02 4.396289e-02 1.270324e-02 1.613722e-04 -2.076185e-01 2.042635e-01 1.809678e-01 3.274934e-02 1.953918e-01 1.074022e-02 1.805579e-01 2.666151e-01 0.000e+00
1.040000e+06 -1.943091e-01 2.640652e-03 -2.845130e-04 -2.217398e-01 -1.682159e-01 7.585930e-03 5.754634e-05 -3.710108e-02 5.321386e-02 1.324479e-02 1.754243e-04 -2.033560e-01 2.054415e-01 1.798286e-01 3.233832e-02 1.943091e-01 1.085592e-02 1.793919e-01 2.650726e-01 0.000e+00
1.050000e+06 -1.936382e-01 -3.132428e-03 7.741135e-04 -2.193432e-01 -1.697423e-01 7.239778e-03 5.241439e-05 -5.145011e-02 4.337990e-02 1.341822e-02 1.800486e-04 -2.054737e-01 2.097370e-01 1.809606e-01 3.274676e-02 1.936382e-01 1.098938e-02 1.805315e-01 2.653385e-01 0.000e+00
1.060000e+06 -1.947107e-01 -5.224612e-03 -7.553344e-04 -2.246652e-01 -1.641288e-01 7.789396e-03 6.067469e-05 -4.634633e-02 4.330741e-02 1.368654e-02 1.873214e-04 -2.064542e-01 2.056993e-01 1.812754e-01 3.286076e-02 1.947107e-01 1.174727e-02 1.808345e-01 2.664124e-01 0.000e+00
1.070000e+06 -1.932562e-01 2.718733e-03 -1.267261e-04 -2.157677e-01 -1.666138e-01 7.616473e-03 5.801067e-05 -5.342668e-02 4.261150e-02 1.389819e-02 1.931596e-04 -2.026798e-01 2.115874e-01 1.802118e-01 3.247628e-02 1.932562e-01 1.130139e-02 1.797853e-01 2.645941e-01 0.000e+00
1.080000e+06 -1.938549e-01 5.660941e-03 4.603028e-04 -2.223468e-01 -1.711669e-01 7.478104e-03 5.592204e-05 -4.080067e-02 5.373473e-02 1.373325e-02 1.886022e-04 -2.063211e-01 2.049539e-01 1.788268e-01 3.197903e-02 1.938549e-01 1.176236e-02 1.783801e-01 2.641209e-01 0.000e+00
1.090000e+06 -1.942522e-01 -1.620162e-03 -7.250247e-04 -2.204666e-01 -1.687768e-01 7.235150e-03 5.234740e-05 -4.841552e-02 4.067313e-02 1.300520e-02 1.691352e-04 -2.097126e-01 2.086049e-01 1.804597e-01 3.256570e-02 1.942522e-01 1.060748e-02 1.800458e-01 2.654172e-01 0.000e+00
1.100000e+06 -1.918128e-01 -7.071375e-03 2.348632e-04 -2.160121e-01 -1.567769e-01 7.650897e-03 5.853623e-05 -5.229270e-02 3.671254e-02 1.368386e-02 1.872480e-04 -2.084784e-01 2.098879e-01 1.814388e-01 3.292003e-02 1.918128e-01 1.246305e-02 1.810273e-01 2.644588e-01 0.000e+00
1.110000e+06 -1.930493e-01 5.176815e-04 4.641934e-04 -2.166717e-01 -1.681085e-01 7.047923e-03 4.967321e-05 -3.933279e-02 4.708895e-02 1.440505e-02 2.075056e-04 -2.030219e-01 2.030476e-01 1.784612e-01 3.184838e-02 1.930493e-01 1.152322e-02 1.780588e-01 2.632534e-01 0.000e+00
1.120000e+06 -1.940449e-01 7.747190e-03 -5.301425e-04 -2.174488e-01 -1.690727e-01 7.152449e-03 5.115753e-05 -3.970288e-02 5.091923e-02 1.410882e-02 1.990587e-04 -2.073477e-01 2.061901e-01 1.785604e-01 3.188380e-02 1.940449e-01 1.295279e-02 1.781457e-01 2.641479e-01 0.000e+00
1.130000e+06 -1.915407e-01 1.925761e-03 3.732556e-04 -2.126586e-01 -1.634895e-01 7.312716e-03 5.347582e-05 -5.092526e-02 4.941605e-02 1.491369e-02 2.224182e-04 -2.093988e-01 2.061975e-01 1.810078e-01 3.276383e-02 1.915407e-01 1.201619e-02 1.806005e-01 2.639197e-01 0.000e+00
1.140000e+06 -1.924082e-01 -5.411913e-03 -3.036451e-04 -2.178643e-01 -1.690465e-01 7.570915e-03 5.731876e-05 -4.399638e-02 3.701167e-02 1.333418e-02 1.778004e-04 -2.075734e-01 2.080777e-01 1.787504e-01 3.195172e-02 1.924082e-01 1.145683e-02 1.783120e-01 2.629940e-01 0.000e+00
1.150000e+06 -1.929243e-01 -5.331371e-03 -2.741913e-04 -2.162326e-01 -1.648006e-01 7.238118e-03 5.239035e-05 -5.542213e-02 4.273421e-02 1.421098e-02 2.019518e-04 -2.078157e-01 2.035686e-01 1.785439e-01 3.187792e-02 1.929243e-01 1.210769e-02 1.781053e-01 2.632464e-01 0.000e+00
1.160000e+06 -1.924617e-01 1.575202e-03 7.779620e-04 -2.165291e-01 -1.715312e-01 7.159134e-03 5.125320e-05 -5.865833e-02 4.758615e-02 1.624872e-02 2.640209e-04 -2.041966e-01 2.081219e-01 1.780955e-01 3.171800e-02 1.924617e-01 1.319900e-02 1.776662e-01 2.626834e-01 0.000e+00
1.170000e+06 -1.914747e-01 7.028831e-03 -4.339720e-04 -2.186833e-01 -1.653054e-01 7.635148e-03 5.829549e-05 -4.618743e-02 6.527364e-02 1.678941e-02 2.818844e-04 -2.040248e-01 2.077717e-01 1.787774e-01 3.196135e-02 1.914747e-01 1.439921e-02 1.783359e-01 2.625589e-01 0.000e+00
1.180000e+06 -1.914116e-01 2.775521e-03 4.890138e-04 -2.171583e-01 -1.639097e-01 7.264185e-03 5.276838e-05 -4.895597e-02 5.154292e-02 1.464625e-02 2.145125e-04 -2.117985e-01 2.027419e-01 1.796787e-01 3.228443e-02 1.914116e-01 1.196710e-02 1.792637e-01 2.629135e-01 0.000e+00
1.190000e+06 -1.919424e-01 -1.007871e-02 1.414833e-04 -2.150059e-01 -1.605341e-01 7.401051e-03 5.477555e-05 -6.558051e-02 5.152999e-02 1.616873e-02 2.614278e-04 -2.055958e-01 2.012729e-01 1.773383e-01 3.144888e-02 1.919424e-01 1.531283e-02 1.769555e-01 2.619744e-01 0.000e+00
1.200000e+06 -1.912755e-01 -1.124806e-02 -8.484047e-04 -2.173955e-01 -1.683203e-01 7.499368e-03 5.624053e-05 -5.931358e-02 3.747480e-02 1.652318e-02 2.730155e-04 -2.010683e-01 2.021725e-01 1.775801e-01 3.153470e-02 1.912755e-01 1.625321e-02 1.771543e-01 2.617379e-01 0.000e+00
1.210000e+06 -1.904050e-01 3.029464e-03 9.557608e-04 -2.283070e-01 -1.651084e-01 7.687178e-03 5.909271e-05 -5.045898e-02 4.847687e-02 1.674578e-02 2.804211e-04 -2.037485e-01 2.086666e-01 1.795662e-01 3.224403e-02 1.904050e-01 1.379603e-02 1.791561e-01 2.622520e-01 0.000e+00
1.220000e+06 -1.907175e-01 1.338565e-02 -2.186655e-04 -2.187355e-01 -1.601814e-01 7.598097e-03 5.773107e-05 -4.278068e-02 7.080069e-02 1.534301e-02 2.354078e-04 -2.045286e-01 2.028677e-01 1.782469e-01 3.177196e-02 1.907175e-01 1.676915e-02 1.778414e-01 2.618066e-01 0.000e+00
1.230000e+06 -1.915601e-01 6.825715e-03 -3.622983e-04 -2.194088e-01 -1.703576e-01 7.316908e-03 5.353714e-05 -4.717899e-02 5.624131e-02 1.720122e-02 2.958821e-04 -2.036174e-01 2.027507e-01 1.759952e-01 3.097431e-02 1.915601e-01 1.496227e-02 1.755527e-01 2.607400e-01 0.000e+00
1.240000e+06 -1.901460e-01 -4.236468e-03 9.208987e-04 -2.162011e-01 -1.669225e-01 7.784817e-03 6.060337e-05 -5.474869e-02 5.285129e-02 1.672040e-02 2.795718e-04 -2.053735e-01 2.083414e-01 1.781110e-01 3.172354e-02 1.901460e-01 1.390119e-02 1.776871e-01 2.610944e-01 0.000e+00
1.250000e+06 -1.905134e-01 -1.320996e-02 -7.518498e-04 -2.186517e-01 -1.624821e-01 7.495163e-03 5.617746e-05 -5.969660e-02 3.176563e-02 1.542318e-02 2.378745e-04 -2.019485e-01 2.019131e-01 1.775439e-01 3.152185e-02 1.905134e-01 1.681098e-02 1.771329e-01 2.611746e-01 0.000e+00
1.260000e+06 -1.899402e-01 -1.436926e-02 -1.284442e-04 -2.153295e-01 -1.658318e-01 7.066175e-03 4.993082e-05 -6.114892e-02 4.144733e-02 1.783557e-02 3.181075e-04 -2.043357e-01 2.042007e-01 1.770231e-01 3.133718e-02 1.899402e-01 1.883514e-02 1.766046e-01 2.606067e-01 0.000e+00
1.270000e+06 -1.901173e-01 1.290710e-03 6.104951e-04 -2.131988e-01 -1.657953e-01 7.737656e-03 5.987132e-05 -7.165873e-02 7.007849e-02 2.149424e-02 4.620023e-04 -2.026984e-01 2.028368e-01 1.761284e-01 3.102120e-02 1.901173e-01 1.755948e-02 1.757236e-01 2.600370e-01 0.000e+00
1.280000e+06 -1.896589e-01 1.912702e-02 -7.004222e-04 -2.127455e-01 -1.639964e-01 7.354349e-03 5.408645e-05 -5.931178e-02 7.027759e-02 1.882887e-02 3.545264e-04 -2.086655e-01 2.058279e-01 1.766779e-01 3.121508e-02 1.896589e-01 2.277152e-02 1.762757e-01 2.605491e-01 0.000e+00
1.290000e+06 -1.882349e-01 2.331359e-02 5.653578e-04 -2.132080e-01 -1.614966e-01 7.049368e-03 4.969359e-05 -3.752831e-02 8.012172e-02 1.834155e-02 3.364124e-04 -2.033466e-01 2.027358e-01 1.773115e-01 3.143936e-02 1.882349e-01 2.548520e-02 1.768954e-01 2.602405e-01 0.000e+00
1.300000e+06 -1.884144e-01 2.802235e-02 2.787892e-04 -2.206455e-01 -1.631912e-01 7.597309e-03 5.771910e-05 -3.486782e-02 7.515990e-02 1.610471e-02 2.593616e-04 -1.998107e-01 2.046721e-01 1.763683e-01 3.110579e-02 1.884144e-01 2.884488e-02 1.759429e-01 2.600753e-01 0.000e+00
1.310000e+06 -1.887912e-01 2.688703e-02 -7.276809e-04 -2.119851e-01 -1.631049e-01 7.137670e-03 5.094633e-05 -2.821886e-02 7.577375e-02 1.669904e-02 2.788578e-04 -2.028816e-01 2.001614e-01 1.748689e-01 3.057914e-02 1.887912e-01 2.793085e-02 1.744835e-01 2.592294e-01 0.000e+00
1.320000e+06 -1.879485e-01 2.716370e-02 1.237449e-04 -2.142514e-01 -1.629642e-01 7.769962e-03 6.037231e-05 -4.882899e-02 8.748151e-02 1.960407e-02 3.843194e-04 -2.030808e-01 2.026390e-01 1.762276e-01 3.105618e-02 1.879485e-01 2.923649e-02 1.758101e-01 2.597812e-01 0.000e+00
1.330000e+06 -1.871753e-01 3.526450e-02 -2.472959e-04 -2.143811e-01 -1.559342e-01 7.843196e-03 6.151573e-05 -2.987938e-02 8.269866e-02 1.696144e-02 2.876905e-04 -2.048039e-01 2.008490e-01 1.756097e-01 3.083877e-02 1.871753e-01 3.571665e-02 1.751731e-01 2.595981e-01 0.000e+00
1.340000e+06 -1.860071e-01 4.416625e-02 1.688673e-04 -2.112580e-01 -1.614671e-01 7.525147e-03 5.662784e-05 -7.563726e-03 8.330666e-02 1.371844e-02 1.881955e-04 -1.993883e-01 2.008567e-01 1.748748e-01 3.058120e-02 1.860071e-01 4.418393e-02 1.744747e-01 2.594339e-01 0.000e+00
1.350000e+06 -1.857685e-01 5.038324e-02 5.599355e-04 -2.108968e-01 -1.593649e-01 7.418980e-03 5.504126e-05 9.431288e-04 9.596774e-02 1.359706e-02 1.848799e-04 -1.991136e-01 1.962380e-01 1.737212e-01 3.017907e-02 1.857685e-01 5.038324e-02 1.733492e-01 2.596103e-01 0.000e+00
1.360000e+06 -1.849177e-01 4.778179e-02 -4.541693e-04 -2.094346e-01 -1.559776e-01 7.928669e-03 6.286379e-05 -9.529934e-03 9.897889e-02 1.436186e-02 2.062630e-04 -1.994963e-01 2.017068e-01 1.745330e-01 3.046178e-02 1.849177e-01 4.780613e-02 1.741140e-01 2.591048e-01 0.000e+00
1.370000e+06 -1.848154e-01 4.857690e-02 2.677135e-04 -2.093217e-01 -1.571310e-01 7.866329e-03 6.187913e-05 -6.098655e-03 8.876494e-02 1.410295e-02 1.988932e-04 -2.014110e-01 2.049536e-01 1.744558e-01 3.043483e-02 1.848154e-01 4.858936e-02 1.740285e-01 2.591109e-01 0.000e+00
1.380000e+06 -1.839988e-01 5.539303e-02 3.803563e-04 -2.091799e-01 -1.587709e-01 7.573686e-03 5.736073e-05 -5.271274e-03 9.639779e-02 1.318855e-02 1.739378e-04 -2.030718e-01 2.027206e-01 1.738463e-01 3.022253e-02 1.839988e-01 5.540064e-02 1.734235e-01 2.594353e-01 0.000e+00
1.390000e+06 -1.830101e-01 5.748817e-02 -7.011146e-04 -2.081570e-01 -1.562439e-01 7.410967e-03 5.492243e-05 6.636436e-03 1.030372e-01 1.295486e-02 1.678284e-04 -2.023165e-01 1.960804e-01 1.736038e-01 3.013827e-02 1.830101e-01 5.748817e-02 1.732065e-01 2.590174e-01 0.000e+00
1.400000e+06 -1.824836e-01 6.031351e-02 6.188694e-04 -2.078466e-01 -1.563947e-01 7.337586e-03 5.384016e-05 1.295859e-02 9.922433e-02 1.271975e-02 1.617921e-04 -1.958990e-01 1.982354e-01 1.726698e-01 2.981486e-02 1.824836e-01 6.031351e-02 1.722719e-01 2.586502e-01 0.000e+00
1.410000e+06 -1.824298e-01 5.992978e-02 6.532295e-05 -2.063064e-01 -1.578093e-01 7.560264e-03 5.715760e-05 5.671593e-03 1.023818e-01 1.293730e-02 1.673737e-04 -1.967403e-01 2.038126e-01 1.730327e-01 2.994031e-02 1.824298e-01 5.992978e-02 1.726386e-01 2.587663e-01 0.000e+00
1.420000e+06 -1.819408e-01 6.510646e-02 -8.885676e-04 -2.090229e-01 -1.580837e-01 7.394288e-03 5.467549e-05 2.371006e-02 1.028282e-01 1.131422e-02 1.280115e-04 -2.001329e-01 2.003872e-01 1.725343e-01 2.976810e-02 1.819408e-01 6.510646e-02 1.721441e-01 2.592762e-01 0.000e+00
1.430000e+06 -1.807422e-01 6.573201e-02 7.588683e-04 -2.056128e-01 -1.557480e-01 7.354892e-03 5.409444e-05 2.550849e-02 1.021044e-01 1.145351e-02 1.311830e-04 -1.987777e-01 2.015305e-01 1.717042e-01 2.948233e-02 1.807422e-01 6.573201e-02 1.712613e-01 2.580350e-01 0.000e+00
1.440000e+06 -1.805588e-01 6.915294e-02 -3.051537e-04 -2.094111e-01 -1.554492e-01 7.642710e-03 5.841101e-05 3.189143e-02 1.074799e-01 1.151111e-02 1.325057e-04 -1.967602e-01 1.933693e-01 1.713963e-01 2.937671e-02 1.805588e-01 6.915294e-02 1.709788e-01 2.586155e-01 0.000e+00
1.450000e+06 -1.800203e-01 6.965836e-02 -1.671726e-04 -2.053421e-01 -1.476162e-01 7.858157e-03 6.175063e-05 2.414564e-02 1.063097e-01 1.223190e-02 1.496195e-04 -1.991826e-01 1.974671e-01 1.724031e-01 2.972284e-02 1.800203e-01 6.965836e-02 1.719864e-01 2.590793e-01 0.000e+00
1.460000e+06 -1.792178e-01 7.143526e-02 2.496735e-04 -2.041668e-01 -1.523538e-01 7.350830e-03 5.403470e-05 3.130137e-02 1.043280e-01 1.101024e-02 1.212253e-04 -1.988228e-01 1.997752e-01 1.713509e-01 2.936112e-02 1.792178e-01 7.143526e-02 1.709573e-01 2.582378e-01 0.000e+00
1.470000e+06 -1.787397e-01 7.408329e-02 -5.155830e-04 -2.027706e-01 -1.516206e-01 7.611861e-03 5.794043e-05 3.116642e-02 1.045998e-01 1.102524e-02 1.215560e-04 -1.983186e-01 1.969495e-01 1.701933e-01 2.896577e-02 1.787397e-01 7.408329e-02 1.698283e-01 2.579042e-01 0.000e+00
1.480000e+06 -1.781646e-01 7.635217e-02 2.207186e-04 -2.035853e-01 -1.453234e-01 7.645444e-03 5.845282e-05 4.406267e-02 1.085550e-01 1.057063e-02 1.117382e-04 -1.949096e-01 2.030915e-01 1.715348e-01 2.942418e-02 1.781646e-01 7.635217e-02 1.711259e-01 2.590319e-01 0.000e+00
1.490000e+06 -1.771770e-01 7.633306e-02 2.088849e-04 -2.035295e-01 -1.491178e-01 7.524670e-03 5.662066e-05 3.876912e-02 1.114277e-01 1.114392e-02 1.241869e-04 -1.982756e-01 1.985462e-01 1.713749e-01 2.936936e-02 1.771770e-01 7.633306e-02 1.709369e-01 2.582576e-01 0.000e+00
1.500000e+06 -1.773485e-01 7.820298e-02 -2.985530e-04 -2.058132e-01 -1.485238e-01 7.638780e-03 5.835096e-05 3.028334e-02 1.177578e-01 1.045491e-02 1.093051e-04 -1.957899e-01 1.948005e-01 1.691952e-01 2.862703e-02 1.773485e-01 7.820298e-02 1.688011e-01 2.574773e-01 0.000e+00
1.510000e+06 -1.770522e-01 8.209107e-02 3.312829e-04 -2.033099e-01 -1.486915e-01 7.869561e-03 6.192999e-05 4.246012e-02 1.160682e-01 1.047820e-02 1.097927e-04 -1.983848e-01 1.929300e-01 1.697531e-01 2.881612e-02 1.770522e-01 8.209107e-02 1.693688e-01 2.588601e-01 0.000e+00
1.520000e+06 -1.753141e-01 8.323644e-02 -6.421399e-05 -2.019451e-01 -1.476401e-01 7.689782e-03 5.913275e-05 4.653013e-02 1.261946e-01 1.034009e-02 1.069175e-04 -1.999583e-01 1.997075e-01 1.699596e-01 2.888626e-02 1.753141e-01 8.323644e-02 1.695671e-01 2.581657e-01 0.000e+00
1.530000e+06 -1.753002e-01 8.338403e-02 -7.612159e-05 -1.982354e-01 -1.520199e-01 7.520622e-03 5.655976e-05 4.583907e-02 1.171740e-01 1.021587e-02 1.043639e-04 -1.965336e-01 1.955215e-01 1.690458e-01 2.857647e-02 1.753002e-01 8.338403e-02 1.686426e-01 2.575885e-01 0.000e+00
1.540000e+06 -1.753331e-01 8.580420e-02 3.770197e-04 -2.023923e-01 -1.478421e-01 7.851326e-03 6.164332e-05 5.076857e-02 1.160817e-01 1.054475e-02 1.111917e-04 -1.963619e-01 1.946459e-01 1.687324e-01 2.847061e-02 1.753331e-01 8.580420e-02 1.683323e-01 2.582259e-01 0.000e+00
1.550000e+06 -1.738886e-01 8.824939e-02 -1.073855e-04 -2.042332e-01 -1.452332e-01 7.809251e-03 6.098441e-05 5.108663e-02 1.157995e-01 1.014601e-02 1.029414e-04 -1.945295e-01 1.927555e-01 1.686142e-01 2.843074e-02 1.738886e-01 8.824939e-02 1.682028e-01 2.579823e-01 0.000e+00
1.560000e+06 -1.731332e-01 8.865688e-02 3.875302e-04 -1.980481e-01 -1.474016e-01 7.701621e-03 5.931496e-05 4.898361e-02 1.183919e-01 1.009745e-02 1.019586e-04 -1.923963e-01 1.919731e-01 1.682978e-01 2.832416e-02 1.731332e-01 8.865688e-02 1.678701e-01 2.573966e-01 0.000e+00
1.570000e+06 -1.735373e-01 8.982383e-02 4.045010e-04 -1.986335e-01 -1.463398e-01 7.709361e-03 5.943424e-05 5.366218e-02 1.206643e-01 1.015380e-02 1.030996e-04 -1.961617e-01 1.920979e-01 1.683902e-01 2.835525e-02 1.735373e-01 8.982383e-02 1.679950e-01 2.581344e-01 0.000e+00
1.580000e+06 -1.727175e-01 9.135020e-02 -5.748681e-04 -1.999840e-01 -1.434505e-01 7.645364e-03 5.845159e-05 5.531167e-02 1.188615e-01 9.922040e-03 9.844687e-05 -1.934558e-01 1.919602e-01 1.684493e-01 2.837516e-02 1.727175e-01 9.135020e-02 1.680768e-01 2.581543e-01 0.000e+00
1.590000e+06 -1.716664e-01 9.282058e-02 6.111562e-04 -1.955924e-01 -1.474537e-01 7.546669e-03 5.695221e-05 5.339560e-02 1.281086e-01 9.696625e-03 9.402454e-05 -1.900944e-01 2.024750e-01 1.674082e-01 2.802552e-02 1.716664e-01 9.282058e-02 1.670119e-01 2.572784e-01 0.000e+00
1.600000e+06 -1.715636e-01 9.444824e-02 -1.440013e-04 -1.970077e-01 -1.423989e-01 7.923304e-03 6.277875e-05 6.319444e-02 1.341967e-01 9.740222e-03 9.487192e-05 -1.908483e-01 1.930810e-01 1.671121e-01 2.792645e-02 1.715636e-01 9.444824e-02 1.667091e-01 2.576288e-01 0.000e+00
1.610000e+06 -1.711067e-01 9.599175e-02 -5.741218e-04 -2.009469e-01 -1.462119e-01 7.557207e-03 5.711137e-05 6.039754e-02 1.289560e-01 9.654545e-03 9.321023e-05 -1.914037e-01 1.959179e-01 1.675636e-01 2.807757e-02 1.711067e-01 9.599175e-02 1.671710e-01 2.581662e-01 0.000e+00
1.620000e+06 -1.705829e-01 9.719448e-02 1.956307e-04 -1.973928e-01 -1.416707e-01 7.358278e-03 5.414426e-05 6.504485e-02 1.347244e-01 9.576601e-03 9.171129e-05 -1.950694e-01 1.894486e-01 1.667251e-01 2.779725e-02 1.705829e-01 9.719448e-02 1.663301e-01 2.577313e-01 0.000e+00
1.630000e+06 -1.697610e-01 9.865673e-02 -1.888429e-04 -1.962894e-01 -1.423500e-01 7.823896e-03 6.121335e-05 6.492071e-02 1.325573e-01 9.773749e-03 9.552617e-05 -1.940016e-01 1.932727e-01 1.654740e-01 2.738163e-02 1.697610e-01 9.865673e-02 1.650570e-01 2.569482e-01 0.000e+00
1.640000e+06 -1.693737e-01 1.005266e-01 -2.470845e-04 -1.957940e-01 -1.428521e-01 7.932712e-03 6.292791e-05 5.898069e-02 1.394985e-01 9.918351e-03 9.837369e-05 -1.880700e-01 1.918702e-01 1.660076e-01 2.755851e-02 1.693737e-01 1.005266e-01 1.656233e-01 2.577832e-01 0.000e+00
1.650000e+06 -1.686188e-01 1.013816e-01 3.486225e-04 -1.912634e-01 -1.379496e-01 7.655407e-03 5.860525e-05 6.026665e-02 1.308343e-01 9.623062e-03 9.260333e-05 -1.931402e-01 1.975763e-01 1.670002e-01 2.788906e-02 1.686188e-01 1.013816e-01 1.666106e-01 2.582303e-01 0.000e+00
1.660000e+06 -1.676277e-01 1.020285e-01 -2.172153e-04 -1.932942e-01 -1.428149e-01 7.495361e-03 5.618043e-05 7.222119e-02 1.353287e-01 9.529005e-03 9.080193e-05 -1.908421e-01 1.932014e-01 1.660465e-01 2.757143e-02 1.676277e-01 1.020285e-01 1.656509e-01 2.572222e-01 0.000e+00
1.670000e+06 -1.675919e-01 1.041750e-01 3.670916e-04 -1.915465e-01 -1.410561e-01 7.813815e-03 6.105570e-05 6.986743e-02 1.330348e-01 9.373849e-03 8.786904e-05 -1.900119e-01 1.944591e-01 1.645083e-01 2.706297e-02 1.675919e-01 1.041750e-01 1.641471e-01 2.570821e-01 0.000e+00
1.680000e+06 -1.674324e-01 1.058166e-01 1.916613e-04 -1.968509e-01 -1.420464e-01 7.683099e-03 5.903001e-05 7.307811e-02 1.335574e-01 9.305951e-03 8.660073e-05 -1.967413e-01 1.894474e-01 1.651392e-01 2.727095e-02 1.674324e-01 1.058166e-01 1.647545e-01 2.580425e-01 0.000e+00
1.690000e+06 -1.657065e-01 1.061227e-01 -3.091566e-05 -1.896245e-01 -1.382495e-01 7.827536e-03 6.127032e-05 6.872538e-02 1.364798e-01 9.473827e-03 8.975339e-05 -1.901356e-01 1.950948e-01 1.661491e-01 2.760552e-02 1.657065e-01 1.061227e-01 1.657519e-01 2.576951e-01 0.000e+00
1.700000e+06 -1.652314e-01 1.072777e-01 3.954277e-04 -1.895935e-01 -1.387495e-01 7.436253e-03 5.529785e-05 7.404695e-02 1.360620e-01 9.368267e-03 8.776442e-05 -1.916795e-01 1.919975e-01 1.649027e-01 2.719289e-02 1.652314e-01 1.072777e-01 1.645190e-01 2.570651e-01 0.000e+00
1.710000e+06 -1.664269e-01 1.092929e-01 2.999476e-04 -1.900431e-01 -1.391872e-01 7.326844e-03 5.368264e-05 7.554050e-02 1.411638e-01 9.477080e-03 8.981505e-05 -1.848749e-01 1.894657e-01 1.630577e-01 2.658780e-02 1.664269e-01 1.092929e-01 1.626983e-01 2.575150e-01 0.000e+00
1.720000e+06 -1.650514e-01 1.102828e-01 -2.158782e-05 -1.909108e-01 -1.377254e-01 7.883825e-03 6.215470e-05 7.509282e-02 1.395222e-01 9.286594e-03 8.624082e-05 -1.902971e-01 1.894609e-01 1.639227e-01 2.687064e-02 1.650514e-01 1.102828e-01 1.635337e-01 2.576041e-01 0.000e+00
1.730000e+06 -1.633218e-01 1.114112e-01 7.914005e-04 -1.902093e-01 -1.300070e-01 7.705113e-03 5.936876e-05 7.852154e-02 1.416954e-01 9.156917e-03 8.384913e-05 -1.921494e-01 1.883284e-01 1.649230e-01 2.719961e-02 1.633218e-01 1.114112e-01 1.645152e-01 2.576033e-01 0.000e+00
1.740000e+06 -1.634587e-01 1.127811e-01 -6.131129e-04 -1.862677e-01 -1.352814e-01 7.518074e-03 5.652143e-05 8.779393e-02 1.409821e-01 8.639937e-03 7.464851e-05 -1.892426e-01 1.901172e-01 1.634903e-01 2.672908e-02 1.634587e-01 1.127811e-01 1.631254e-01 2.573653e-01 0.000e+00
1.750000e+06 -1.638318e-01 1.138254e-01 6.080795e-04 -1.903109e-01 -1.368821e-01 7.976370e-03 6.362247e-05 8.301185e-02 1.425910e-01 8.740356e-03 7.639382e-05 -1.923093e-01 1.915651e-01 1.620644e-01 2.626488e-02 1.638318e-01 1.138254e-01 1.616656e-01 2.571666e-01 0.000e+00
1.760000e+06 -1.622428e-01 1.150659e-01 3.407066e-04 -1.849529e-01 -1.357127e-01 7.983841e-03 6.374172e-05 8.376411e-02 1.410300e-01 8.720078e-03 7.603975e-05 -1.905911e-01 1.899360e-01 1.634497e-01 2.671582e-02 1.622428e-01 1.150659e-01 1.630536e-01 2.576004e-01 0.000e+00
1.770000e+06 -1.610731e-01 1.165655e-01 -4.801788e-04 -1.884017e-01 -1.344069e-01 7.872998e-03 6.198410e-05 8.374302e-02 1.499222e-01 8.857735e-03 7.845947e-05 -1.913674e-01 1.895624e-01 1.637196e-01 2.680411e-02 1.610731e-01 1.165655e-01 1.633147e-01 2.577053e-01 0.000e+00
1.780000e+06 -1.610046e-01 1.172875e-01 5.201168e-04 -1.860045e-01 -1.309081e-01 8.030886e-03 6.449513e-05 8.899026e-02 1.448852e-01 8.782664e-03 7.713518e-05 -1.985112e-01 1.932592e-01 1.623699e-01 2.636397e-02 1.610046e-01 1.172875e-01 1.619750e-01 2.571392e-01 0.000e+00
1.790000e+06 -1.609829e-01 1.181454e-01 2.832379e-04 -1.868236e-01 -1.330716e-01 7.685492e-03 5.906679e-05 8.960172e-02 1.480433e-01 8.559728e-03 7.326894e-05 -1.911338e-01 1.922010e-01 1.618826e-01 2.620598e-02 1.609829e-01 1.181454e-01 1.615057e-01 2.571962e-01 0.000e+00
1.800000e+06 -1.599693e-01 1.200014e-01 -8.464294e-04 -1.875183e-01 -1.365908e-01 7.585272e-03 5.753635e-05 8.722983e-02 1.491801e-01 8.689890e-03 7.551418e-05 -1.942967e-01 1.854459e-01 1.624999e-01 2.640621e-02 1.599693e-01 1.200014e-01 1.620957e-01 2.578131e-01 0.000e+00
1.810000e+06 -1.592265e-01 1.209840e-01 1.112396e-03 -1.875466e-01 -1.330599e-01 7.811879e-03 6.102545e-05 8.475350e-02 1.484783e-01 8.881981e-03 7.888958e-05 -1.852523e-01 1.912328e-01 1.621546e-01 2.629412e-02 1.592265e-01 1.209840e-01 1.617482e-01 2.576005e-01 0.000e+00
1.820000e+06 -1.585133e-01 1.215845e-01 -2.337503e-04 -1.857112e-01 -1.345702e-01 7.722635e-03 5.963910e-05 9.177831e-02 1.520158e-01 8.419744e-03 7.089208e-05 -1.838126e-01 1.887370e-01 1.616154e-01 2.611952e-02 1.585133e-01 1.215845e-01 1.612368e-01 2.570937e-01 0.000e+00
1.830000e+06 -1.586417e-01 1.230744e-01 -4.417251e-04 -1.856957e-01 -1.332923e-01 7.896399e-03 6.235312e-05 8.947552e-02 1.519880e-01 8.582110e-03 7.365260e-05 -1.857999e-01 1.864666e-01 1.607235e-01 2.583204e-02 1.586417e-01 1.230744e-01 1.603430e-01 2.573344e-01 0.000e+00
1.840000e+06 -1.585886e-01 1.245277e-01 1.260598e-03 -1.844410e-01 -1.322040e-01 7.603925e-03 5.781967e-05 9.358137e-02 1.544000e-01 8.582005e-03 7.365081e-05 -1.889855e-01 1.861848e-01 1.603101e-01 2.569934e-02 1.585886e-01 1.245277e-01 1.599239e-01 2.577236e-01 0.000e+00
1.850000e+06 -1.569971e-01 1.252279e-01 -5.756904e-04 -1.794226e-01 -1.322049e-01 7.868326e-03 6.191056e-05 9.849903e-02 1.563356e-01 8.292210e-03 6.876074e-05 -1.856805e-01 1.898906e-01 1.611825e-01 2.597981e-02 1.569971e-01 1.252279e-01 1.607959e-01 2.576419e-01 0.000e+00
1.860000e+06 -1.559788e-01 1.264150e-01 -1.765172e-05 -1.870232e-01 -1.271018e-01 8.007104e-03 6.411372e-05 9.723142e-02 1.539062e-01 8.489837e-03 7.207734e-05 -1.909557e-01 1.883105e-01 1.609651e-01 2.590975e-02 1.559788e-01 1.264150e-01 1.605809e-01 2.574840e-01 0.000e+00
1.870000e+06 -1.564596e-01 1.274646e-01 7.194804e-04 -1.827440e-01 -1.304473e-01 7.794945e-03 6.076117e-05 9.979628e-02 1.588024e-01 8.341761e-03 6.958498e-05 -1.843461e-01 1.851109e-01 1.597439e-01 2.551812e-02 1.564596e-01 1.274646e-01 1.593519e-01 2.575089e-01 0.000e+00
1.880000e+06 -1.552674e-01 1.286247e-01 -4.023577e-04 -1.825243e-01 -1.264772e-01 8.009220e-03 6.414761e-05 1.012675e-01 1.606625e-01 8.382361e-03 7.026397e-05 -1.868235e-01 1.864012e-01 1.601484e-01 2.564752e-02 1.552674e-01 1.286247e-01 1.597639e-01 2.576341e-01 0.000e+00
1.890000e+06 -1.536492e-01 1.295185e-01 1.639783e-04 -1.789205e-01 -1.291066e-01 8.291310e-03 6.874582e-05 1.003049e-01 1.557837e-01 8.670496e-03 7.517750e-05 -1.839353e-01 1.906911e-01 1.612590e-01 2.600448e-02 1.536492e-01 1.295185e-01 1.608735e-01 2.578149e-01 0.000e+00
1.900000e+06 -1.538897e-01 1.306712e-01 2.054594e-04 -1.798490e-01 -1.184353e-01 7.805419e-03 6.092457e-05 1.048943e-01 1.566776e-01 8.199763e-03 6.723612e-05 -1.847652e-01 1.861977e-01 1.600050e-01 2.560160e-02 1.538897e-01 1.306712e-01 1.596028e-01 2.577251e-01 0.000e+00
1.910000e+06 -1.545011e-01 1.317434e-01 -4.528594e-04 -1.808365e-01 -1.275552e-01 8.181057e-03 6.692969e-05 9.711889e-02 1.681963e-01 8.623354e-03 7.436224e-05 -1.819046e-01 1.866324e-01 1.580510e-01 2.498013e-02 1.545011e-01 1.317434e-01 1.576669e-01 2.574702e-01 0.000e+00
1.920000e+06 -1.527421e-01 1.326965e-01 2.964093e-04 -1.759050e-01 -1.272455e-01 8.002735e-03 6.404377e-05 1.043155e-01 1.585364e-01 8.363136e-03 6.994205e-05 -1.861258e-01 1.868318e-01 1.591179e-01 2.531850e-02 1.527421e-01 1.326965e-01 1.587190e-01 2.575444e-01 0.000e+00
1.930000e+06 -1.510699e-01 1.338387e-01 -1.464552e-04 -1.852971e-01 -1.259343e-01 7.696943e-03 5.924294e-05 1.085233e-01 1.601861e-01 8.029035e-03 6.446540e-05 -1.870720e-01 1.862893e-01 1.607040e-01 2.582577e-02 1.510699e-01 1.338387e-01 1.603236e-01 2.581131e-01 0.000e+00
1.940000e+06 -1.518019e-01 1.351210e-01 -2.133218e-04 -1.747231e-01 -1.230809e-01 7.917491e-03 6.268666e-05 1.060866e-01 1.630996e-01 8.549710e-03 7.309754e-05 -1.863083e-01 1.830217e-01 1.587000e-01 2.518568e-02 1.518019e-01 1.351210e-01 1.583225e-01 2.579985e-01 0.000e+00
1.950000e+06 -1.523525e-01 1.355323e-01 1.830656e-04 -1.805026e-01 -1.224183e-01 8.016281e-03 6.426076e-05 1.095854e-01 1.633638e-01 7.914614e-03 6.264112e-05 -1.804419e-01 1.850921e-01 1.569402e-01 2.463022e-02 1.523525e-01 1.355323e-01 1.565389e-01 2.574429e-01 0.000e+00
1.960000e+06 -1.500744e-01 1.368083e-01 -4.128732e-04 -1.763786e-01 -1.220884e-01 7.972171e-03 6.355551e-05 1.024582e-01 1.625857e-01 8.191965e-03 6.710829e-05 -1.863667e-01 1.872204e-01 1.582722e-01 2.505008e-02 1.500744e-01 1.368083e-01 1.578963e-01 2.575982e-01 0.000e+00
1.970000e+06 -1.490016e-01 1.381212e-01 1.141903e-04 -1.755154e-01 -1.156635e-01 8.219428e-03 6.755900e-05 1.094509e-01 1.641411e-01 8.230629e-03 6.774326e-05 -1.905966e-01 1.913070e-01 1.595171e-01 2.544572e-02 1.490016e-01 1.381212e-01 1.591260e-01 2.584582e-01 0.000e+00
1.980000e+06 -1.494715e-01 1.390443e-01 -6.019257e-05 -1.785316e-01 -1.213639e-01 7.749806e-03 6.005949e-05 1.112176e-01 1.659732e-01 8.018158e-03 6.429087e-05 -1.839368e-01 1.876652e-01 1.576269e-01 2.484623e-02 1.494715e-01 1.390443e-01 1.572388e-01 2.580395e-01 0.000e+00
1.990000e+06 -1.490720e-01 1.394642e-01 -2.926980e-04 -1.770578e-01 -1.207043e-01 8.165334e-03 6.667267e-05 1.101726e-01 1.674772e-01 8.376294e-03 7.016231e-05 -1.807722e-01 1.825845e-01 1.568914e-01 2.461490e-02 1.490720e-01 1.394642e-01 1.565306e-01 2.576210e-01 0.000e+00
2.000000e+06 -1.475746e-01 1.408642e-01 6.954571e-04 -1.753196e-01 -1.152754e-01 7.994657e-03 6.391454e-05 1.110710e-01 1.686043e-01 7.990758e-03 6.385221e-05 -1.813823e-01 1.822812e-01 1.580469e-01 2.497884e-02 1.475746e-01 1.408642e-01 1.576926e-01 2.581979e-01 0.000e+00
2.010000e+06 -1.474051e-01 1.409629e-01 -4.046241e-04 -1.764229e-01 -1.171177e-01 8.131886e-03 6.612757e-05 1.113760e-01 1.678019e-01 8.106605e-03 6.571704e-05 -1.848880e-01 1.833963e-01 1.584625e-01 2.511037e-02 1.474051e-01 1.409629e-01 1.580559e-01 2.584123e-01 0.000e+00
2.020000e+06 -1.468469e-01 1.410927e-01 -5.859363e-05 -1.729329e-01 -1.149522e-01 8.230934e-03 6.774828e-05 1.107607e-01 1.675869e-01 8.092019e-03 6.548077e-05 -1.840060e-01 1.896362e-01 1.579833e-01 2.495873e-02 1.468469e-01 1.410927e-01 1.576095e-01 2.578800e-01 0.000e+00
2.030000e+06 -1.470810e-01 1.407127e-01 5.656798e-04 -1.740606e-01 -1.198676e-01 7.864273e-03 6.184680e-05 1.176561e-01 1.656974e-01 7.760759e-03 6.022938e-05 -1.794415e-01 1.847901e-01 1.580539e-01 2.498105e-02 1.470810e-01 1.407127e-01 1.576915e-01 2.578364e-01 0.000e+00
2.040000e+06 -1.477906e-01 1.408416e-01 -1.004840e-03 -1.713606e-01 -1.207129e-01 7.981915e-03 6.371097e-05 1.138601e-01 1.665781e-01 8.090019e-03 6.544841e-05 -1.840837e-01 1.850888e-01 1.576033e-01 2.483880e-02 1.477906e-01 1.408416e-01 1.572093e-01 2.580415e-01 0.000e+00
2.050000e+06 -1.476562e-01 1.407172e-01 -7.778099e-06 -1.770796e-01 -1.202052e-01 8.301127e-03 6.890870e-05 1.128241e-01 1.687380e-01 7.924518e-03 6.279798e-05 -1.830419e-01 1.856447e-01 1.580280e-01 2.497286e-02 1.476562e-01 1.407172e-01 1.576309e-01 2.581651e-01 0.000e+00
2.060000e+06 -1.467642e-01 1.411893e-01 4.489105e-04 -1.784906e-01 -1.163669e-01 7.946796e-03 6.315157e-05 1.128249e-01 1.713236e-01 8.257655e-03 6.818887e-05 -1.842607e-01 1.824881e-01 1.585055e-01 2.512401e-02 1.467642e-01 1.411893e-01 1.581512e-01 2.582001e-01 0.000e+00
2.070000e+06 -1.482293e-01 1.409689e-01 -5.547793e-04 -1.750778e-01 -1.221326e-01 7.775099e-03 6.045216e-05 1.151982e-01 1.697635e-01 8.048876e-03 6.478440e-05 -1.819358e-01 1.808820e-01 1.573852e-01 2.477010e-02 1.482293e-01 1.409689e-01 1.570302e-01 2.582265e-01 0.000e+00
2.080000e+06 -1.490785e-01 1.407783e-01 6.091865e-04 -1.734517e-01 -1.219483e-01 7.936885e-03 6.299414e-05 1.140704e-01 1.663339e-01 7.732940e-03 5.979836e-05 -1.795279e-01 1.835371e-01 1.559591e-01 2.432325e-02 1.490785e-01 1.407783e-01 1.555956e-01 2.577422e-01 0.000e+00
2.090000e+06 -1.477543e-01 1.405634e-01 3.117856e-04 -1.737115e-01 -1.192340e-01 7.956892e-03 6.331214e-05 1.117687e-01 1.671381e-01 8.066689e-03 6.507148e-05 -1.815761e-01 1.856556e-01 1.580231e-01 2.497129e-02 1.477543e-01 1.405634e-01 1.576311e-01 2.581243e-01 0.000e+00
2.100000e+06 -1.461915e-01 1.412452e-01 -5.564206e-04 -1.719601e-01 -1.210423e-01 7.784187e-03 6.059357e-05 1.118218e-01 1.656274e-01 7.698398e-03 5.926533e-05 -1.815359e-01 1.860599e-01 1.593925e-01 2.540596e-02 1.461915e-01 1.412452e-01 1.590203e-01 2.584268e-01 0.000e+00
