VARIABLES= "Time" "Px_mean" "Py_mean" "Pz_mean" "Px_min" "Px_max" "Px_std" "Px_var" "Py_min" "Py_max" "Py_std" "Py_var" "Pz_min" "Pz_max" "Pz_std" "Pz_var" "|Px|_mean" "|Py|_mean" "|Pz|_mean" "|P|_mean" "qdiff_absmax"
0.000000e+00 -4.384309e-02 2.548348e-02 -3.367478e-03 -1.855410e-01 1.724482e-01 1.283280e-01 1.646809e-02 -1.683086e-01 1.745104e-01 1.287678e-01 1.658114e-02 -1.894928e-01 1.922945e-01 1.476804e-01 2.180950e-02 1.341273e-01 1.297541e-01 1.466262e-01 2.392441e-01 0.000e+00
1.000000e+04 -4.332889e-02 2.211072e-02 -4.215058e-03 -1.943333e-01 1.741585e-01 1.282484e-01 1.644766e-02 -1.778777e-01 1.721454e-01 1.293495e-01 1.673129e-02 -1.911448e-01 1.904640e-01 1.463953e-01 2.143159e-02 1.340045e-01 1.297020e-01 1.454026e-01 2.383300e-01 0.000e+00
2.000000e+04 -4.359295e-02 2.227382e-02 -3.486701e-03 -1.796720e-01 1.750592e-01 1.303439e-01 1.698953e-02 -1.677215e-01 1.705397e-01 1.279924e-01 1.638205e-02 -1.892033e-01 1.875216e-01 1.462649e-01 2.139343e-02 1.360506e-01 1.285066e-01 1.452329e-01 2.387056e-01 0.000e+00
3.000000e+04 -4.405557e-02 2.236222e-02 -4.062738e-03 -1.893426e-01 1.764821e-01 1.290653e-01 1.665785e-02 -1.739905e-01 1.702622e-01 1.276681e-01 1.629914e-02 -1.874508e-01 1.900701e-01 1.475340e-01 2.176629e-02 1.349786e-01 1.282186e-01 1.464890e-01 2.387089e-01 0.000e+00
4.000000e+04 -4.199908e-02 2.205965e-02 -3.922355e-03 -1.781229e-01 1.873958e-01 1.292847e-01 1.671454e-02 -1.678213e-01 1.722963e-01 1.260755e-01 1.589504e-02 -1.906396e-01 1.917603e-01 1.491651e-01 2.225023e-02 1.345957e-01 1.266694e-01 1.482103e-01 2.386170e-01 0.000e+00
5.000000e+04 -4.322097e-02 2.125545e-02 -3.787514e-03 -1.834541e-01 1.744153e-01 1.298587e-01 1.686329e-02 -1.675224e-01 1.729788e-01 1.251657e-01 1.566646e-02 -1.851183e-01 1.929160e-01 1.481701e-01 2.195438e-02 1.355718e-01 1.255548e-01 1.471576e-01 2.379673e-01 0.000e+00
6.000000e+04 -4.373148e-02 2.142006e-02 -3.530727e-03 -1.857925e-01 1.749258e-01 1.295035e-01 1.677115e-02 -1.678809e-01 1.692004e-01 1.249645e-01 1.561614e-02 -1.902238e-01 1.849989e-01 1.488621e-01 2.215993e-02 1.354302e-01 1.254557e-01 1.478810e-01 2.381950e-01 0.000e+00
7.000000e+04 -4.389514e-02 2.091713e-02 -4.558116e-03 -1.821439e-01 1.801861e-01 1.305008e-01 1.703046e-02 -1.624292e-01 1.711546e-01 1.236991e-01 1.530147e-02 -1.885743e-01 1.896439e-01 1.496843e-01 2.240538e-02 1.362758e-01 1.239670e-01 1.487861e-01 2.386011e-01 0.000e+00
8.000000e+04 -4.371124e-02 2.286197e-02 -4.203902e-03 -1.859211e-01 1.742697e-01 1.308322e-01 1.711705e-02 -1.646518e-01 1.701482e-01 1.214612e-01 1.475281e-02 -1.887687e-01 1.964075e-01 1.505440e-01 2.266349e-02 1.366691e-01 1.221664e-01 1.495558e-01 2.383180e-01 0.000e+00
9.000000e+04 -4.360589e-02 2.194654e-02 -3.833173e-03 -1.868271e-01 1.790614e-01 1.308807e-01 1.712975e-02 -1.629458e-01 1.656766e-01 1.219035e-01 1.486047e-02 -1.944353e-01 1.971583e-01 1.490821e-01 2.222546e-02 1.367101e-01 1.224928e-01 1.481421e-01 2.375494e-01 0.000e+00
1.000000e+05 -4.484708e-02 2.056427e-02 -3.948037e-03 -1.880569e-01 1.819081e-01 1.318545e-01 1.738560e-02 -1.596007e-01 1.681909e-01 1.206549e-01 1.455761e-02 -1.873423e-01 1.874754e-01 1.502255e-01 2.256771e-02 1.378734e-01 1.209793e-01 1.492440e-01 2.382521e-01 0.000e+00
1.100000e+05 -4.411031e-02 2.105599e-02 -4.174495e-03 -1.878427e-01 1.887667e-01 1.327930e-01 1.763398e-02 -1.647479e-01 1.617727e-01 1.196877e-01 1.432514e-02 -1.889770e-01 1.911058e-01 1.505494e-01 2.266512e-02 1.386886e-01 1.201496e-01 1.495663e-01 2.383991e-01 0.000e+00
1.200000e+05 -4.482560e-02 1.853033e-02 -3.831514e-03 -1.849501e-01 1.757580e-01 1.324531e-01 1.754382e-02 -1.625076e-01 1.644181e-01 1.187550e-01 1.410275e-02 -1.903636e-01 1.868259e-01 1.505136e-01 2.265434e-02 1.385554e-01 1.188722e-01 1.495535e-01 2.376432e-01 0.000e+00
1.300000e+05 -4.494505e-02 2.056638e-02 -3.958791e-03 -1.832771e-01 1.729446e-01 1.322014e-01 1.747721e-02 -1.573794e-01 1.604052e-01 1.178590e-01 1.389075e-02 -1.877282e-01 1.870432e-01 1.509156e-01 2.277553e-02 1.383453e-01 1.182047e-01 1.499256e-01 2.374989e-01 0.000e+00
1.400000e+05 -4.512921e-02 1.862453e-02 -4.316908e-03 -1.903990e-01 1.815427e-01 1.338076e-01 1.790449e-02 -1.596290e-01 1.604439e-01 1.167141e-01 1.362217e-02 -1.916683e-01 1.884827e-01 1.517511e-01 2.302840e-02 1.399659e-01 1.168038e-01 1.508409e-01 2.382354e-01 0.000e+00
1.500000e+05 -4.513054e-02 1.992315e-02 -3.732207e-03 -1.845055e-01 1.750996e-01 1.334867e-01 1.781870e-02 -1.549865e-01 1.609925e-01 1.165757e-01 1.358989e-02 -1.869338e-01 1.907893e-01 1.523715e-01 2.321707e-02 1.396466e-01 1.168846e-01 1.514308e-01 2.385003e-01 0.000e+00
1.600000e+05 -4.478208e-02 1.901663e-02 -3.901212e-03 -1.848300e-01 1.833172e-01 1.337793e-01 1.789689e-02 -1.552682e-01 1.686990e-01 1.157702e-01 1.340273e-02 -1.877888e-01 1.941945e-01 1.515073e-01 2.295447e-02 1.398378e-01 1.159869e-01 1.505895e-01 2.375877e-01 0.000e+00
1.700000e+05 -4.457480e-02 2.020843e-02 -4.074353e-03 -1.818102e-01 1.740567e-01 1.333523e-01 1.778283e-02 -1.558521e-01 1.570534e-01 1.140174e-01 1.299998e-02 -1.920203e-01 1.949419e-01 1.535055e-01 2.356392e-02 1.394022e-01 1.145221e-01 1.525448e-01 2.378427e-01 0.000e+00
1.800000e+05 -4.517849e-02 2.072340e-02 -4.277988e-03 -1.942398e-01 1.798039e-01 1.354441e-01 1.834509e-02 -1.499634e-01 1.546976e-01 1.123862e-01 1.263065e-02 -1.994640e-01 1.924350e-01 1.518890e-01 2.307028e-02 1.415418e-01 1.129984e-01 1.509541e-01 2.373785e-01 0.000e+00
1.900000e+05 -4.532075e-02 1.967945e-02 -3.852738e-03 -1.873684e-01 1.764330e-01 1.344134e-01 1.806697e-02 -1.503885e-01 1.559877e-01 1.118167e-01 1.250297e-02 -1.924252e-01 1.954309e-01 1.540345e-01 2.372663e-02 1.405369e-01 1.122492e-01 1.531167e-01 2.378058e-01 0.000e+00
2.000000e+05 -4.484431e-02 1.986635e-02 -4.106963e-03 -1.863164e-01 1.799782e-01 1.342144e-01 1.801349e-02 -1.494810e-01 1.587970e-01 1.122767e-01 1.260606e-02 -1.936442e-01 1.906426e-01 1.532949e-01 2.349932e-02 1.403502e-01 1.127222e-01 1.523718e-01 2.374014e-01 0.000e+00
2.100000e+05 -4.631497e-02 1.957987e-02 -4.495278e-03 -1.855789e-01 1.789153e-01 1.352844e-01 1.830186e-02 -1.546626e-01 1.535936e-01 1.102997e-01 1.216602e-02 -1.982542e-01 1.946764e-01 1.535394e-01 2.357434e-02 1.417307e-01 1.107055e-01 1.526948e-01 2.374954e-01 0.000e+00
2.200000e+05 -4.460694e-02 1.904904e-02 -3.777104e-03 -1.877164e-01 1.825331e-01 1.353933e-01 1.833135e-02 -1.472763e-01 1.502732e-01 1.088012e-01 1.183770e-02 -1.956251e-01 2.013818e-01 1.554925e-01 2.417791e-02 1.413810e-01 1.090368e-01 1.545091e-01 2.377549e-01 0.000e+00
2.300000e+05 -4.568511e-02 1.945698e-02 -3.885720e-03 -1.845930e-01 1.804006e-01 1.361680e-01 1.854171e-02 -1.421075e-01 1.501804e-01 1.083889e-01 1.174816e-02 -1.954982e-01 1.948033e-01 1.548995e-01 2.399385e-02 1.423728e-01 1.088195e-01 1.539717e-01 2.378635e-01 0.000e+00
2.400000e+05 -4.619592e-02 1.850318e-02 -4.153841e-03 -1.880865e-01 1.777252e-01 1.365781e-01 1.865358e-02 -1.472974e-01 1.521139e-01 1.069084e-01 1.142940e-02 -1.938188e-01 1.971968e-01 1.554073e-01 2.415142e-02 1.429577e-01 1.071974e-01 1.544952e-01 2.377619e-01 0.000e+00
2.500000e+05 -4.539061e-02 1.822593e-02 -3.618832e-03 -1.850906e-01 1.842625e-01 1.367506e-01 1.870074e-02 -1.441552e-01 1.455147e-01 1.062198e-01 1.128265e-02 -1.904102e-01 1.943973e-01 1.556586e-01 2.422959e-02 1.428774e-01 1.064620e-01 1.547226e-01 2.375512e-01 0.000e+00
2.600000e+05 -4.637286e-02 1.894073e-02 -4.463791e-03 -1.864947e-01 1.835487e-01 1.370722e-01 1.878879e-02 -1.663465e-01 1.481324e-01 1.053875e-01 1.110653e-02 -1.946785e-01 2.005080e-01 1.553365e-01 2.412944e-02 1.434651e-01 1.057377e-01 1.544805e-01 2.373897e-01 0.000e+00
2.700000e+05 -4.600206e-02 1.808181e-02 -4.164328e-03 -1.865009e-01 1.808052e-01 1.374229e-01 1.888506e-02 -1.475205e-01 1.515623e-01 1.044133e-01 1.090215e-02 -1.980804e-01 1.978693e-01 1.564099e-01 2.446407e-02 1.436613e-01 1.043947e-01 1.555115e-01 2.377285e-01 0.000e+00
2.800000e+05 -4.527882e-02 1.589492e-02 -4.261172e-03 -1.898197e-01 1.858999e-01 1.385607e-01 1.919906e-02 -1.425071e-01 1.400650e-01 1.033258e-01 1.067622e-02 -2.053124e-01 1.933788e-01 1.566637e-01 2.454353e-02 1.445981e-01 1.031787e-01 1.557322e-01 2.377921e-01 0.000e+00
2.900000e+05 -4.696276e-02 1.511435e-02 -4.246391e-03 -1.870061e-01 1.832213e-01 1.383933e-01 1.915271e-02 -1.424683e-01 1.385202e-01 1.025577e-01 1.051809e-02 -1.908622e-01 1.994030e-01 1.563126e-01 2.443363e-02 1.449451e-01 1.021623e-01 1.554375e-01 2.374185e-01 0.000e+00
3.000000e+05 -4.602996e-02 1.549690e-02 -4.579210e-03 -1.902041e-01 1.854567e-01 1.380882e-01 1.906836e-02 -1.385486e-01 1.405713e-01 1.016834e-01 1.033951e-02 -1.958361e-01 1.997467e-01 1.577595e-01 2.488805e-02 1.443188e-01 1.013161e-01 1.568805e-01 2.376637e-01 0.000e+00
3.100000e+05 -4.588178e-02 1.634541e-02 -3.265909e-03 -1.873237e-01 1.892868e-01 1.388148e-01 1.926956e-02 -1.456069e-01 1.437006e-01 9.969629e-02 9.939350e-03 -2.021066e-01 2.034883e-01 1.580556e-01 2.498158e-02 1.449929e-01 9.961131e-02 1.571393e-01 2.374468e-01 0.000e+00
3.200000e+05 -4.697091e-02 1.959991e-02 -4.398871e-03 -1.934363e-01 1.879128e-01 1.386836e-01 1.923315e-02 -1.395167e-01 1.443591e-01 1.007317e-01 1.014687e-02 -2.009756e-01 1.952999e-01 1.568959e-01 2.461632e-02 1.451934e-01 1.012391e-01 1.559872e-01 2.375131e-01 0.000e+00
3.300000e+05 -4.675874e-02 1.821401e-02 -4.952002e-03 -1.888949e-01 1.883307e-01 1.382305e-01 1.910768e-02 -1.402632e-01 1.392659e-01 9.910374e-02 9.821552e-03 -1.933241e-01 1.969031e-01 1.584611e-01 2.510992e-02 1.446563e-01 9.936363e-02 1.576005e-01 2.374716e-01 0.000e+00
3.400000e+05 -4.633512e-02 1.846587e-02 -4.448324e-03 -1.883980e-01 1.863028e-01 1.393920e-01 1.943014e-02 -1.347060e-01 1.453146e-01 9.781222e-02 9.567231e-03 -1.960974e-01 2.026342e-01 1.586925e-01 2.518330e-02 1.456869e-01 9.815136e-02 1.577705e-01 2.376851e-01 0.000e+00
3.500000e+05 -4.744891e-02 1.895184e-02 -4.344875e-03 -1.956155e-01 1.831699e-01 1.400500e-01 1.961399e-02 -1.326445e-01 1.362706e-01 9.628734e-02 9.271252e-03 -1.951534e-01 2.011745e-01 1.589421e-01 2.526258e-02 1.466261e-01 9.680533e-02 1.580726e-01 2.378554e-01 0.000e+00
3.600000e+05 -4.694451e-02 1.829082e-02 -4.011455e-03 -1.875287e-01 1.815771e-01 1.410063e-01 1.988277e-02 -1.424039e-01 1.403540e-01 9.515387e-02 9.054259e-03 -1.979482e-01 1.960531e-01 1.584055e-01 2.509230e-02 1.474603e-01 9.539811e-02 1.575335e-01 2.374773e-01 0.000e+00
3.700000e+05 -4.646213e-02 1.780360e-02 -3.935264e-03 -1.871515e-01 1.867350e-01 1.402548e-01 1.967140e-02 -1.336478e-01 1.367918e-01 9.375244e-02 8.789521e-03 -1.975551e-01 2.027600e-01 1.599146e-01 2.557267e-02 1.466092e-01 9.383204e-02 1.590400e-01 2.373404e-01 0.000e+00
3.800000e+05 -4.731028e-02 1.820409e-02 -4.163225e-03 -1.930224e-01 1.831723e-01 1.413190e-01 1.997107e-02 -1.391511e-01 1.471578e-01 9.256323e-02 8.567952e-03 -2.017524e-01 1.996123e-01 1.604035e-01 2.572929e-02 1.477849e-01 9.282607e-02 1.595086e-01 2.380170e-01 0.000e+00
3.900000e+05 -4.716399e-02 1.923204e-02 -4.341723e-03 -1.949823e-01 1.928578e-01 1.422309e-01 2.022964e-02 -1.339552e-01 1.358905e-01 9.104204e-02 8.288653e-03 -2.094134e-01 2.049245e-01 1.598346e-01 2.554711e-02 1.486278e-01 9.120462e-02 1.589424e-01 2.376571e-01 0.000e+00
4.000000e+05 -4.701345e-02 1.830666e-02 -4.085777e-03 -1.963574e-01 1.862711e-01 1.413709e-01 1.998575e-02 -1.366495e-01 1.335034e-01 9.000475e-02 8.100854e-03 -1.985465e-01 2.008378e-01 1.607287e-01 2.583371e-02 1.478308e-01 9.028398e-02 1.598331e-01 2.372410e-01 0.000e+00
4.100000e+05 -4.763533e-02 1.736941e-02 -4.501371e-03 -1.941180e-01 1.875968e-01 1.414641e-01 2.001209e-02 -1.276012e-01 1.332894e-01 8.903056e-02 7.926441e-03 -1.972713e-01 2.016786e-01 1.615466e-01 2.609731e-02 1.480695e-01 8.909682e-02 1.607162e-01 2.375471e-01 0.000e+00
4.200000e+05 -4.744027e-02 1.845808e-02 -3.805542e-03 -1.903657e-01 1.864473e-01 1.428054e-01 2.039339e-02 -1.309396e-01 1.338681e-01 8.774106e-02 7.698494e-03 -2.027329e-01 2.018913e-01 1.615641e-01 2.610297e-02 1.493098e-01 8.788729e-02 1.606278e-01 2.378882e-01 0.000e+00
4.300000e+05 -4.728681e-02 1.968768e-02 -4.481179e-03 -1.938018e-01 1.874648e-01 1.423389e-01 2.026036e-02 -1.256226e-01 1.295187e-01 8.613581e-02 7.419378e-03 -2.076049e-01 2.007688e-01 1.621355e-01 2.628792e-02 1.488245e-01 8.645026e-02 1.612466e-01 2.375111e-01 0.000e+00
4.400000e+05 -4.798862e-02 2.495365e-02 -4.042981e-03 -1.970104e-01 1.838279e-01 1.422151e-01 2.022513e-02 -1.248124e-01 1.357222e-01 8.477502e-02 7.186804e-03 -1.968264e-01 1.978235e-01 1.616866e-01 2.614256e-02 1.489685e-01 8.643505e-02 1.608373e-01 2.372675e-01 0.000e+00
4.500000e+05 -4.801234e-02 2.890730e-02 -4.720584e-03 -1.914489e-01 1.866497e-01 1.422341e-01 2.023055e-02 -1.243976e-01 1.253634e-01 8.348195e-02 6.969237e-03 -2.046310e-01 2.055116e-01 1.635869e-01 2.676068e-02 1.489435e-01 8.660860e-02 1.627046e-01 2.385557e-01 0.000e+00
4.600000e+05 -4.788466e-02 2.907290e-02 -4.556614e-03 -1.926655e-01 1.842732e-01 1.431491e-01 2.049166e-02 -1.163770e-01 1.304072e-01 8.189550e-02 6.706874e-03 -1.975718e-01 2.006578e-01 1.625204e-01 2.641286e-02 1.498221e-01 8.502777e-02 1.616638e-01 2.378384e-01 0.000e+00
4.700000e+05 -4.826206e-02 3.095150e-02 -3.940443e-03 -1.919790e-01 1.912056e-01 1.428519e-01 2.040668e-02 -1.305123e-01 1.313055e-01 7.955264e-02 6.328622e-03 -1.981765e-01 2.037405e-01 1.638012e-01 2.683082e-02 1.495529e-01 8.330369e-02 1.629132e-01 2.380338e-01 0.000e+00
4.800000e+05 -4.802309e-02 3.136973e-02 -4.312593e-03 -1.933556e-01 1.871618e-01 1.437711e-01 2.067013e-02 -1.216881e-01 1.251088e-01 7.783423e-02 6.058167e-03 -1.979757e-01 2.045654e-01 1.637999e-01 2.683041e-02 1.504116e-01 8.180143e-02 1.628720e-01 2.380172e-01 0.000e+00
4.900000e+05 -4.789259e-02 3.200147e-02 -4.216753e-03 -1.938536e-01 1.912098e-01 1.441852e-01 2.078937e-02 -1.137336e-01 1.233744e-01 7.698155e-02 5.926160e-03 -2.010672e-01 2.071670e-01 1.641997e-01 2.696156e-02 1.507204e-01 8.161669e-02 1.633215e-01 2.383300e-01 0.000e+00
5.000000e+05 -4.816942e-02 3.356824e-02 -4.256385e-03 -1.930109e-01 1.920602e-01 1.442595e-01 2.081081e-02 -1.168458e-01 1.252997e-01 7.342586e-02 5.391357e-03 -2.002367e-01 2.059669e-01 1.650112e-01 2.722869e-02 1.509280e-01 7.824090e-02 1.641308e-01 2.380735e-01 0.000e+00
5.100000e+05 -4.746629e-02 3.524138e-02 -4.002317e-03 -1.981479e-01 1.881773e-01 1.443531e-01 2.083781e-02 -1.141254e-01 1.211670e-01 7.320832e-02 5.359458e-03 -2.036603e-01 2.025828e-01 1.644932e-01 2.705802e-02 1.508153e-01 7.938675e-02 1.636192e-01 2.378277e-01 0.000e+00
5.200000e+05 -4.827432e-02 3.648690e-02 -4.389840e-03 -1.974768e-01 1.884035e-01 1.452439e-01 2.109580e-02 -1.194641e-01 1.187513e-01 7.157317e-02 5.122718e-03 -2.007313e-01 2.082385e-01 1.648352e-01 2.717065e-02 1.518669e-01 7.794042e-02 1.639495e-01 2.384587e-01 0.000e+00
5.300000e+05 -4.800129e-02 4.189220e-02 -4.387030e-03 -1.949485e-01 1.918655e-01 1.449643e-01 2.101466e-02 -1.127401e-01 1.181125e-01 6.708867e-02 4.500890e-03 -2.066453e-01 2.056322e-01 1.658509e-01 2.750653e-02 1.515543e-01 7.658394e-02 1.649791e-01 2.385130e-01 0.000e+00
5.400000e+05 -4.834486e-02 5.112232e-02 -4.275798e-03 -1.986824e-01 1.886691e-01 1.455230e-01 2.117693e-02 -1.135266e-01 1.190348e-01 6.047644e-02 3.657400e-03 -2.046017e-01 2.038114e-01 1.652847e-01 2.731903e-02 1.521692e-01 7.642942e-02 1.644297e-01 2.385520e-01 0.000e+00
5.500000e+05 -4.849806e-02 5.959633e-02 -4.799501e-03 -2.011608e-01 1.920316e-01 1.454479e-01 2.115509e-02 -1.043900e-01 1.327052e-01 5.327285e-02 2.837996e-03 -2.088815e-01 2.087824e-01 1.658663e-01 2.751164e-02 1.521652e-01 7.727641e-02 1.649692e-01 2.392008e-01 0.000e+00
5.600000e+05 -4.806600e-02 6.645275e-02 -4.261793e-03 -1.996853e-01 1.897358e-01 1.446607e-01 2.092671e-02 -9.459337e-02 1.242570e-01 4.500632e-02 2.025569e-03 -2.050871e-01 2.090617e-01 1.659509e-01 2.753969e-02 1.513562e-01 7.775157e-02 1.650768e-01 2.388020e-01 0.000e+00
5.700000e+05 -4.848985e-02 7.965237e-02 -4.138402e-03 -1.942191e-01 1.908625e-01 1.457020e-01 2.122909e-02 -5.252723e-02 1.261067e-01 2.311099e-02 5.341180e-04 -2.085681e-01 1.995832e-01 1.646784e-01 2.711899e-02 1.523742e-01 8.118075e-02 1.638194e-01 2.395601e-01 0.000e+00
5.800000e+05 -4.847131e-02 8.340829e-02 -5.046483e-03 -2.013817e-01 1.829764e-01 1.448416e-01 2.097910e-02 1.497396e-02 1.214105e-01 1.264709e-02 1.599489e-04 -2.078190e-01 2.033358e-01 1.653635e-01 2.734507e-02 1.515608e-01 8.340829e-02 1.645473e-01 2.400182e-01 0.000e+00
5.900000e+05 -4.837746e-02 8.116384e-02 -3.596184e-03 -1.971242e-01 1.912683e-01 1.450278e-01 2.103307e-02 3.632156e-02 1.204258e-01 1.298280e-02 1.685530e-04 -2.050445e-01 2.073552e-01 1.657390e-01 2.746940e-02 1.516921e-01 8.116384e-02 1.648424e-01 2.395931e-01 0.000e+00
6.000000e+05 -4.849411e-02 7.961009e-02 -4.457597e-03 -1.991782e-01 1.913445e-01 1.464462e-01 2.144650e-02 3.650295e-02 1.185390e-01 1.213728e-02 1.473136e-04 -2.135748e-01 2.091752e-01 1.658703e-01 2.751294e-02 1.531318e-01 7.961009e-02 1.650249e-01 2.400013e-01 0.000e+00
6.100000e+05 -4.879584e-02 7.532834e-02 -4.389623e-03 -2.005672e-01 1.903181e-01 1.465566e-01 2.147884e-02 2.070065e-02 1.180985e-01 1.299199e-02 1.687918e-04 -2.085656e-01 2.070347e-01 1.670826e-01 2.791660e-02 1.533345e-01 7.532834e-02 1.661875e-01 2.396192e-01 0.000e+00
6.200000e+05 -4.867289e-02 7.457585e-02 -4.404929e-03 -1.960200e-01 1.930735e-01 1.471097e-01 2.164126e-02 2.688888e-02 1.097667e-01 1.293274e-02 1.672557e-04 -2.091963e-01 2.093790e-01 1.676956e-01 2.812182e-02 1.537787e-01 7.457585e-02 1.668148e-01 2.401182e-01 0.000e+00
6.300000e+05 -4.855558e-02 7.236231e-02 -4.747401e-03 -1.956341e-01 1.894591e-01 1.471745e-01 2.166033e-02 1.728053e-02 1.145809e-01 1.340257e-02 1.796288e-04 -2.053727e-01 2.115441e-01 1.670135e-01 2.789351e-02 1.538185e-01 7.236231e-02 1.661919e-01 2.390326e-01 0.000e+00
6.400000e+05 -4.923103e-02 7.332574e-02 -4.770717e-03 -1.964756e-01 1.855770e-01 1.473711e-01 2.171824e-02 2.981501e-02 1.184988e-01 1.280061e-02 1.638557e-04 -2.013675e-01 2.044973e-01 1.686950e-01 2.845799e-02 1.542094e-01 7.332574e-02 1.678539e-01 2.407183e-01 0.000e+00
6.500000e+05 -4.957506e-02 7.075749e-02 -4.145534e-03 -2.005248e-01 1.923093e-01 1.479032e-01 2.187535e-02 2.227767e-02 1.083173e-01 1.347894e-02 1.816818e-04 -2.032766e-01 2.083431e-01 1.680727e-01 2.824842e-02 1.548297e-01 7.075749e-02 1.673053e-01 2.399411e-01 0.000e+00
6.600000e+05 -4.877305e-02 6.865703e-02 -4.458194e-03 -1.995365e-01 1.938946e-01 1.481045e-01 2.193495e-02 1.329141e-02 1.116856e-01 1.342338e-02 1.801870e-04 -2.081191e-01 2.110436e-01 1.688652e-01 2.851546e-02 1.548255e-01 6.865703e-02 1.679679e-01 2.398428e-01 0.000e+00
6.700000e+05 -4.901685e-02 6.667845e-02 -5.175333e-03 -1.997999e-01 1.952025e-01 1.482191e-01 2.196890e-02 1.912809e-02 1.056099e-01 1.315832e-02 1.731414e-04 -2.029728e-01 2.083677e-01 1.689961e-01 2.855969e-02 1.549597e-01 6.667845e-02 1.681668e-01 2.394746e-01 0.000e+00
6.800000e+05 -4.949059e-02 6.653197e-02 -3.912827e-03 -2.003947e-01 1.929672e-01 1.485854e-01 2.207763e-02 1.246472e-02 1.084855e-01 1.326870e-02 1.760583e-04 -2.051947e-01 2.075982e-01 1.693600e-01 2.868280e-02 1.554435e-01 6.653197e-02 1.684997e-01 2.400116e-01 0.000e+00
6.900000e+05 -4.991444e-02 6.071760e-02 -4.262696e-03 -1.976850e-01 1.925150e-01 1.497482e-01 2.242451e-02 -2.094095e-04 1.063533e-01 1.344602e-02 1.807956e-04 -2.081695e-01 2.095162e-01 1.695478e-01 2.874646e-02 1.566749e-01 6.071777e-02 1.687441e-01 2.394294e-01 0.000e+00
7.000000e+05 -4.986598e-02 6.117117e-02 -4.579702e-03 -2.012317e-01 1.999664e-01 1.490244e-01 2.220828e-02 6.998883e-03 1.037787e-01 1.300683e-02 1.691777e-04 -2.041018e-01 2.112798e-01 1.702399e-01 2.898162e-02 1.559972e-01 6.117117e-02 1.693815e-01 2.395551e-01 0.000e+00
7.100000e+05 -5.015505e-02 5.861858e-02 -4.334110e-03 -2.001386e-01 1.930112e-01 1.501043e-01 2.253131e-02 1.788442e-03 1.031978e-01 1.393760e-02 1.942567e-04 -2.152050e-01 2.118316e-01 1.704449e-01 2.905147e-02 1.571304e-01 5.861858e-02 1.695837e-01 2.398265e-01 0.000e+00
7.200000e+05 -4.996610e-02 5.743240e-02 -5.071381e-03 -2.013428e-01 2.021347e-01 1.501838e-01 2.255518e-02 -1.777427e-03 9.959926e-02 1.358180e-02 1.844653e-04 -2.152900e-01 2.131418e-01 1.710636e-01 2.926274e-02 1.571222e-01 5.743430e-02 1.702216e-01 2.399840e-01 0.000e+00
7.300000e+05 -5.029997e-02 5.279692e-02 -4.580310e-03 -2.023639e-01 1.929263e-01 1.511012e-01 2.283156e-02 -5.084195e-03 9.466633e-02 1.417480e-02 2.009250e-04 -2.094846e-01 2.115889e-01 1.711934e-01 2.930717e-02 1.580894e-01 5.281206e-02 1.703676e-01 2.396659e-01 0.000e+00
7.400000e+05 -5.008596e-02 5.375100e-02 -4.425995e-03 -2.047814e-01 1.970137e-01 1.513792e-01 2.291567e-02 -1.769374e-02 9.896317e-02 1.371532e-02 1.881100e-04 -2.034291e-01 2.101659e-01 1.709855e-01 2.923604e-02 1.583326e-01 5.377281e-02 1.701647e-01 2.398424e-01 0.000e+00
7.500000e+05 -5.059873e-02 4.952291e-02 -4.571292e-03 -2.077052e-01 2.038859e-01 1.515617e-01 2.297094e-02 -1.588452e-02 9.726778e-02 1.480225e-02 2.191067e-04 -2.149304e-01 2.191259e-01 1.723263e-01 2.969637e-02 1.586149e-01 4.957388e-02 1.714779e-01 2.401745e-01 0.000e+00
7.600000e+05 -5.031756e-02 4.879071e-02 -4.392727e-03 -2.019490e-01 1.986758e-01 1.520863e-01 2.313024e-02 -5.854203e-05 8.859929e-02 1.381089e-02 1.907406e-04 -2.083651e-01 2.153051e-01 1.719720e-01 2.957436e-02 1.590442e-01 4.879076e-02 1.711186e-01 2.399665e-01 0.000e+00
7.700000e+05 -5.059671e-02 4.288210e-02 -4.636486e-03 -2.033293e-01 1.940037e-01 1.522238e-01 2.317208e-02 -1.546744e-02 8.826201e-02 1.506274e-02 2.268861e-04 -2.073433e-01 2.094877e-01 1.727236e-01 2.983345e-02 1.592647e-01 4.294871e-02 1.718557e-01 2.395958e-01 0.000e+00
7.800000e+05 -5.075405e-02 3.930781e-02 -4.641805e-03 -2.025427e-01 1.925827e-01 1.526883e-01 2.331373e-02 -2.075170e-02 8.442925e-02 1.582458e-02 2.504174e-04 -2.120959e-01 2.090453e-01 1.737262e-01 3.018078e-02 1.597384e-01 3.949650e-02 1.729079e-01 2.400813e-01 0.000e+00
7.900000e+05 -5.081495e-02 3.746909e-02 -4.442957e-03 -2.043185e-01 1.975144e-01 1.534210e-01 2.353800e-02 -2.994197e-02 8.332518e-02 1.618474e-02 2.619457e-04 -2.118118e-01 2.088359e-01 1.732830e-01 3.002700e-02 1.605070e-01 3.765174e-02 1.724642e-01 2.399938e-01 0.000e+00
8.000000e+05 -5.115355e-02 3.280743e-02 -4.409645e-03 -2.042138e-01 1.979003e-01 1.530332e-01 2.341915e-02 -3.420344e-02 7.665634e-02 1.601161e-02 2.563716e-04 -2.168812e-01 2.164960e-01 1.742562e-01 3.036521e-02 1.601958e-01 3.318146e-02 1.734005e-01 2.397826e-01 0.000e+00
8.100000e+05 -5.089345e-02 3.463618e-02 -4.787702e-03 -2.086656e-01 2.003419e-01 1.533762e-01 2.352426e-02 -2.196975e-02 8.250237e-02 1.481617e-02 2.195188e-04 -2.129310e-01 2.122613e-01 1.741706e-01 3.033540e-02 1.604619e-01 3.482952e-02 1.733729e-01 2.401024e-01 0.000e+00
8.200000e+05 -5.092177e-02 1.751017e-02 -4.497480e-03 -2.060517e-01 1.944958e-01 1.542111e-01 2.378106e-02 -4.314528e-02 6.837216e-02 1.869084e-02 3.493474e-04 -2.072749e-01 2.170094e-01 1.745359e-01 3.046279e-02 1.612965e-01 2.145897e-02 1.736916e-01 2.392967e-01 0.000e+00
8.300000e+05 -5.123823e-02 2.430656e-02 -4.621977e-03 -2.030188e-01 2.035830e-01 1.538115e-01 2.365796e-02 -4.296996e-02 7.258266e-02 1.835740e-02 3.369941e-04 -2.138064e-01 2.117348e-01 1.750122e-01 3.062927e-02 1.609679e-01 2.630517e-02 1.742155e-01 2.400370e-01 0.000e+00
8.400000e+05 -5.113595e-02 2.121153e-02 -4.734574e-03 -2.051016e-01 2.011334e-01 1.545181e-01 2.387585e-02 -3.401376e-02 6.727318e-02 1.746143e-02 3.049016e-04 -2.121962e-01 2.120337e-01 1.751518e-01 3.067814e-02 1.616100e-01 2.339959e-02 1.743129e-01 2.402063e-01 0.000e+00
8.500000e+05 -5.111197e-02 4.683149e-03 -4.404015e-03 -2.087506e-01 2.052058e-01 1.546784e-01 2.392541e-02 -5.332459e-02 6.938847e-02 1.896401e-02 3.596336e-04 -2.107393e-01 2.118410e-01 1.760766e-01 3.100296e-02 1.617624e-01 1.577200e-02 1.752423e-01 2.401733e-01 0.000e+00
8.600000e+05 -5.122523e-02 1.605124e-03 -4.512474e-03 -2.032373e-01 2.013348e-01 1.548297e-01 2.397223e-02 -5.199750e-02 6.307828e-02 1.749423e-02 3.060481e-04 -2.150893e-01 2.182921e-01 1.765801e-01 3.118052e-02 1.619778e-01 1.399999e-02 1.757427e-01 2.405451e-01 0.000e+00
8.700000e+05 -5.133638e-02 1.044654e-02 -4.655487e-03 -2.002705e-01 2.062555e-01 1.547702e-01 2.395380e-02 -4.405723e-02 6.320046e-02 1.734677e-02 3.009104e-04 -2.166826e-01 2.180023e-01 1.761834e-01 3.104058e-02 1.619311e-01 1.646081e-02 1.753445e-01 2.403988e-01 0.000e+00
8.800000e+05 -5.139236e-02 8.972224e-03 -4.807848e-03 -2.076564e-01 2.024170e-01 1.554515e-01 2.416516e-02 -5.176086e-02 6.319169e-02 1.661520e-02 2.760648e-04 -2.125602e-01 2.165523e-01 1.756866e-01 3.086578e-02 1.625933e-01 1.525068e-02 1.748428e-01 2.404063e-01 0.000e+00
8.900000e+05 -5.140584e-02 1.157823e-03 -4.484092e-03 -2.063816e-01 2.040295e-01 1.554746e-01 2.417234e-02 -4.668162e-02 5.394656e-02 1.714211e-02 2.938519e-04 -2.099923e-01 2.141207e-01 1.764555e-01 3.113655e-02 1.626606e-01 1.399592e-02 1.756229e-01 2.408541e-01 0.000e+00
9.000000e+05 -5.167786e-02 7.120871e-03 -4.755674e-03 -2.065693e-01 1.956538e-01 1.555446e-01 2.419412e-02 -4.577333e-02 5.542528e-02 1.576986e-02 2.486883e-04 -2.233170e-01 2.140607e-01 1.763896e-01 3.111328e-02 1.627964e-01 1.390296e-02 1.755429e-01 2.409174e-01 0.000e+00
9.100000e+05 -5.158827e-02 2.455602e-03 -4.704407e-03 -2.121617e-01 2.029840e-01 1.559840e-01 2.433101e-02 -5.600669e-02 5.208122e-02 1.527635e-02 2.333669e-04 -2.168127e-01 2.214845e-01 1.766045e-01 3.118916e-02 1.631483e-01 1.222353e-02 1.757798e-01 2.411940e-01 0.000e+00
9.200000e+05 -5.150602e-02 4.957195e-03 -4.612225e-03 -2.103538e-01 2.039471e-01 1.558033e-01 2.427465e-02 -4.621761e-02 6.184820e-02 1.651025e-02 2.725882e-04 -2.130587e-01 2.197263e-01 1.768174e-01 3.126439e-02 1.629449e-01 1.387361e-02 1.759679e-01 2.413608e-01 0.000e+00
9.300000e+05 -5.152020e-02 1.639918e-03 -4.937284e-03 -2.046449e-01 2.093667e-01 1.559672e-01 2.432578e-02 -6.017613e-02 4.883950e-02 1.492777e-02 2.228384e-04 -2.163784e-01 2.153977e-01 1.769799e-01 3.132190e-02 1.631755e-01 1.191037e-02 1.761986e-01 2.414425e-01 0.000e+00
9.400000e+05 -5.201456e-02 2.885891e-03 -4.623670e-03 -2.048744e-01 1.992473e-01 1.562611e-01 2.441754e-02 -4.155360e-02 4.592206e-02 1.461592e-02 2.136250e-04 -2.140317e-01 2.119553e-01 1.770342e-01 3.134111e-02 1.635574e-01 1.205932e-02 1.762179e-01 2.417515e-01 0.000e+00
9.500000e+05 -5.226539e-02 4.803033e-03 -4.551551e-03 -2.073970e-01 2.000965e-01 1.568497e-01 2.460181e-02 -4.858692e-02 4.596193e-02 1.418711e-02 2.012740e-04 -2.124881e-01 2.227062e-01 1.767994e-01 3.125802e-02 1.641633e-01 1.207308e-02 1.759763e-01 2.420248e-01 0.000e+00
9.600000e+05 -5.161995e-02 2.846161e-03 -5.045893e-03 -2.122367e-01 2.019962e-01 1.567240e-01 2.456241e-02 -4.798831e-02 4.997802e-02 1.527238e-02 2.332456e-04 -2.203015e-01 2.140320e-01 1.771794e-01 3.139254e-02 1.638925e-01 1.237757e-02 1.763837e-01 2.421377e-01 0.000e+00
9.700000e+05 -5.205170e-02 5.164299e-03 -4.513438e-03 -2.063420e-01 2.065707e-01 1.564651e-01 2.448134e-02 -4.107836e-02 4.688020e-02 1.449084e-02 2.099843e-04 -2.118586e-01 2.199338e-01 1.771651e-01 3.138746e-02 1.637191e-01 1.237506e-02 1.763649e-01 2.420231e-01 0.000e+00
9.800000e+05 -5.236906e-02 -4.637218e-04 -4.934299e-03 -2.061459e-01 1.979319e-01 1.565280e-01 2.450103e-02 -4.979316e-02 4.534666e-02 1.427033e-02 2.036423e-04 -2.146350e-01 2.271940e-01 1.779332e-01 3.166022e-02 1.639293e-01 1.142462e-02 1.771012e-01 2.426086e-01 0.000e+00
9.900000e+05 -5.204335e-02 1.847985e-03 -4.786874e-03 -2.107968e-01 2.061638e-01 1.574962e-01 2.480505e-02 -4.532395e-02 4.966430e-02 1.386326e-02 1.921900e-04 -2.183726e-01 2.179416e-01 1.772012e-01 3.140027e-02 1.647041e-01 1.118235e-02 1.763883e-01 2.426397e-01 0.000e+00
1.000000e+06 -5.197191e-02 2.070093e-03 -4.518305e-03 -2.073772e-01 2.067675e-01 1.570481e-01 2.466410e-02 -4.640332e-02 3.789217e-02 1.375865e-02 1.893005e-04 -2.123140e-01 2.152827e-01 1.784511e-01 3.184479e-02 1.642698e-01 1.120689e-02 1.776084e-01 2.432130e-01 0.000e+00
1.010000e+06 -5.189666e-02 4.391796e-03 -4.953550e-03 -2.079904e-01 1.995048e-01 1.566789e-01 2.454829e-02 -4.115119e-02 6.028538e-02 1.342873e-02 1.803309e-04 -2.153900e-01 2.179087e-01 1.779971e-01 3.168297e-02 1.639506e-01 1.117563e-02 1.771808e-01 2.426772e-01 0.000e+00
1.020000e+06 -5.200548e-02 1.991338e-04 -4.351988e-03 -2.041223e-01 1.999358e-01 1.566585e-01 2.454189e-02 -4.024602e-02 4.940738e-02 1.459473e-02 2.130062e-04 -2.131819e-01 2.230528e-01 1.778856e-01 3.164327e-02 1.639576e-01 1.163256e-02 1.770423e-01 2.426103e-01 0.000e+00
1.030000e+06 -5.170677e-02 2.509445e-03 -4.833302e-03 -2.113020e-01 2.021478e-01 1.566314e-01 2.453341e-02 -4.303524e-02 4.976771e-02 1.446630e-02 2.092739e-04 -2.143916e-01 2.152118e-01 1.777837e-01 3.160705e-02 1.638440e-01 1.173856e-02 1.769545e-01 2.424727e-01 0.000e+00
1.040000e+06 -5.190462e-02 3.795289e-03 -4.503480e-03 -2.067180e-01 2.037639e-01 1.564982e-01 2.449170e-02 -5.000014e-02 4.965715e-02 1.420796e-02 2.018662e-04 -2.153454e-01 2.138405e-01 1.771985e-01 3.139930e-02 1.637599e-01 1.163363e-02 1.763814e-01 2.420078e-01 0.000e+00
1.050000e+06 -5.149540e-02 6.195482e-04 -4.727661e-03 -2.098932e-01 2.063246e-01 1.559461e-01 2.431920e-02 -4.488657e-02 4.056768e-02 1.380004e-02 1.904411e-04 -2.138505e-01 2.144438e-01 1.779471e-01 3.166516e-02 1.631259e-01 1.113612e-02 1.771082e-01 2.420651e-01 0.000e+00
1.060000e+06 -5.172090e-02 4.956733e-03 -4.526936e-03 -2.074514e-01 2.032559e-01 1.565026e-01 2.449306e-02 -4.635077e-02 5.110241e-02 1.478996e-02 2.187428e-04 -2.112709e-01 2.166729e-01 1.768464e-01 3.127464e-02 1.636824e-01 1.240090e-02 1.759846e-01 2.417388e-01 0.000e+00
1.070000e+06 -5.197364e-02 5.188954e-05 -4.828605e-03 -2.096846e-01 1.993427e-01 1.565773e-01 2.451645e-02 -5.170146e-02 5.504230e-02 1.517983e-02 2.304272e-04 -2.143597e-01 2.155771e-01 1.771232e-01 3.137263e-02 1.638535e-01 1.215326e-02 1.762883e-01 2.420447e-01 0.000e+00
1.080000e+06 -5.169001e-02 6.252737e-03 -4.975837e-03 -2.068982e-01 2.000573e-01 1.552536e-01 2.410368e-02 -4.415304e-02 5.790572e-02 1.624729e-02 2.639744e-04 -2.124820e-01 2.207761e-01 1.770301e-01 3.133966e-02 1.625475e-01 1.400699e-02 1.762264e-01 2.412331e-01 0.000e+00
1.090000e+06 -5.118862e-02 4.038244e-03 -4.697316e-03 -2.045509e-01 2.072035e-01 1.561448e-01 2.438119e-02 -4.295842e-02 5.716139e-02 1.444768e-02 2.087355e-04 -2.130178e-01 2.114869e-01 1.766508e-01 3.120549e-02 1.632678e-01 1.189861e-02 1.758505e-01 2.412570e-01 0.000e+00
1.100000e+06 -5.135177e-02 2.692556e-03 -4.338028e-03 -2.074025e-01 2.020272e-01 1.556790e-01 2.423596e-02 -4.229813e-02 5.292822e-02 1.622507e-02 2.632528e-04 -2.120914e-01 2.160824e-01 1.771705e-01 3.138940e-02 1.628008e-01 1.316362e-02 1.763141e-01 2.414311e-01 0.000e+00
1.110000e+06 -5.134841e-02 4.842134e-03 -4.864455e-03 -2.051495e-01 2.049478e-01 1.559763e-01 2.432862e-02 -4.292707e-02 5.728965e-02 1.589604e-02 2.526842e-04 -2.180544e-01 2.188346e-01 1.761457e-01 3.102732e-02 1.631190e-01 1.334563e-02 1.753482e-01 2.409094e-01 0.000e+00
1.120000e+06 -5.115821e-02 3.338773e-03 -4.431269e-03 -2.064152e-01 1.964975e-01 1.554502e-01 2.416476e-02 -4.301782e-02 6.097787e-02 1.789732e-02 3.203142e-04 -2.135218e-01 2.149823e-01 1.757330e-01 3.088209e-02 1.625393e-01 1.464733e-02 1.749235e-01 2.403502e-01 0.000e+00
1.130000e+06 -5.130578e-02 1.161606e-02 -4.725048e-03 -2.062564e-01 1.996649e-01 1.551065e-01 2.405803e-02 -5.099170e-02 6.167539e-02 1.685217e-02 2.839957e-04 -2.140145e-01 2.159915e-01 1.760559e-01 3.099568e-02 1.622316e-01 1.650136e-02 1.752490e-01 2.405579e-01 0.000e+00
1.140000e+06 -5.155463e-02 1.092064e-02 -4.834369e-03 -2.058396e-01 2.047350e-01 1.554638e-01 2.416899e-02 -4.232501e-02 6.160180e-02 1.710800e-02 2.926835e-04 -2.114805e-01 2.125490e-01 1.754836e-01 3.079449e-02 1.626822e-01 1.652094e-02 1.746885e-01 2.404238e-01 0.000e+00
1.150000e+06 -5.105383e-02 4.803708e-03 -4.773255e-03 -2.028048e-01 1.993170e-01 1.544655e-01 2.385960e-02 -4.797842e-02 6.201430e-02 1.998967e-02 3.995870e-04 -2.159773e-01 2.167209e-01 1.757155e-01 3.087593e-02 1.615377e-01 1.671892e-02 1.749021e-01 2.398671e-01 0.000e+00
1.160000e+06 -5.132021e-02 1.612958e-02 -4.433018e-03 -2.049491e-01 2.047064e-01 1.545364e-01 2.388148e-02 -4.547412e-02 6.834209e-02 1.813762e-02 3.289733e-04 -2.138224e-01 2.152484e-01 1.753198e-01 3.073703e-02 1.616836e-01 2.029118e-02 1.745007e-01 2.400187e-01 0.000e+00
1.170000e+06 -5.128375e-02 2.700733e-02 -4.411812e-03 -2.059759e-01 1.977211e-01 1.544604e-01 2.385800e-02 -2.636162e-02 7.870976e-02 1.599136e-02 2.557237e-04 -2.138116e-01 2.138694e-01 1.747911e-01 3.055192e-02 1.616273e-01 2.768887e-02 1.739915e-01 2.403964e-01 0.000e+00
1.180000e+06 -5.097383e-02 2.702551e-02 -4.332979e-03 -2.084676e-01 2.012217e-01 1.540813e-01 2.374106e-02 -3.348677e-02 7.116979e-02 1.668507e-02 2.783914e-04 -2.097165e-01 2.151008e-01 1.741350e-01 3.032301e-02 1.611605e-01 2.809088e-02 1.732910e-01 2.396722e-01 0.000e+00
1.190000e+06 -5.082802e-02 3.141144e-02 -4.647816e-03 -2.030342e-01 1.957647e-01 1.532884e-01 2.349733e-02 -2.425244e-02 7.832858e-02 1.620702e-02 2.626676e-04 -2.167689e-01 2.187241e-01 1.745175e-01 3.045635e-02 1.603829e-01 3.195897e-02 1.736863e-01 2.399291e-01 0.000e+00
1.200000e+06 -5.084764e-02 3.579397e-02 -4.141286e-03 -2.037660e-01 1.942801e-01 1.529194e-01 2.338433e-02 -2.853170e-02 7.324996e-02 1.519376e-02 2.308503e-04 -2.188308e-01 2.124979e-01 1.738011e-01 3.020681e-02 1.600766e-01 3.596307e-02 1.729819e-01 2.397137e-01 0.000e+00
1.210000e+06 -5.074740e-02 3.941593e-02 -4.452597e-03 -2.058207e-01 1.974489e-01 1.531839e-01 2.346529e-02 -1.483611e-02 8.275887e-02 1.557686e-02 2.426386e-04 -2.112674e-01 2.096712e-01 1.731843e-01 2.999281e-02 1.602524e-01 3.953350e-02 1.723363e-01 2.400056e-01 0.000e+00
1.220000e+06 -5.052376e-02 4.121037e-02 -4.326104e-03 -2.037005e-01 1.973587e-01 1.526538e-01 2.330320e-02 -3.143551e-02 8.785866e-02 1.527336e-02 2.332756e-04 -2.078570e-01 2.113501e-01 1.729184e-01 2.990076e-02 1.596716e-01 4.132681e-02 1.721147e-01 2.397356e-01 0.000e+00
1.230000e+06 -5.064556e-02 4.239925e-02 -4.650433e-03 -2.013087e-01 1.978003e-01 1.517959e-01 2.304199e-02 -1.011410e-02 8.718240e-02 1.498201e-02 2.244608e-04 -2.063881e-01 2.122907e-01 1.728706e-01 2.988424e-02 1.588919e-01 4.244516e-02 1.720800e-01 2.393825e-01 0.000e+00
1.240000e+06 -5.083910e-02 4.785301e-02 -4.509499e-03 -2.016957e-01 2.010524e-01 1.518216e-01 2.304980e-02 2.637383e-03 9.284965e-02 1.424275e-02 2.028560e-04 -2.064951e-01 2.088397e-01 1.725191e-01 2.976285e-02 1.589668e-01 4.785301e-02 1.716525e-01 2.401455e-01 0.000e+00
1.250000e+06 -5.029629e-02 5.064666e-02 -4.338068e-03 -2.033603e-01 1.957824e-01 1.518532e-01 2.305939e-02 -6.461954e-03 9.090268e-02 1.438781e-02 2.070090e-04 -2.085511e-01 2.084015e-01 1.715600e-01 2.943284e-02 1.588137e-01 5.065536e-02 1.707190e-01 2.399467e-01 0.000e+00
1.260000e+06 -4.997186e-02 5.349595e-02 -4.158845e-03 -2.011047e-01 1.973442e-01 1.505724e-01 2.267206e-02 5.024826e-03 9.187017e-02 1.313349e-02 1.724884e-04 -2.123967e-01 2.091608e-01 1.718323e-01 2.952633e-02 1.574875e-01 5.349595e-02 1.709785e-01 2.398207e-01 0.000e+00
1.270000e+06 -5.006593e-02 5.472370e-02 -4.231184e-03 -1.983995e-01 1.936611e-01 1.505393e-01 2.266209e-02 4.793905e-03 9.683044e-02 1.319558e-02 1.741233e-04 -2.082314e-01 2.083365e-01 1.710268e-01 2.925017e-02 1.575585e-01 5.472370e-02 1.702164e-01 2.395534e-01 0.000e+00
1.280000e+06 -4.997216e-02 5.819501e-02 -4.881456e-03 -2.025612e-01 1.959037e-01 1.507463e-01 2.272444e-02 8.389512e-03 1.073816e-01 1.299244e-02 1.688036e-04 -2.062275e-01 2.088053e-01 1.707899e-01 2.916919e-02 1.577184e-01 5.819501e-02 1.699627e-01 2.402964e-01 0.000e+00
1.290000e+06 -4.987553e-02 5.868508e-02 -4.661976e-03 -2.027157e-01 2.019605e-01 1.504543e-01 2.263650e-02 7.409804e-03 1.006169e-01 1.316033e-02 1.731943e-04 -2.116476e-01 2.116874e-01 1.704440e-01 2.905117e-02 1.573498e-01 5.868508e-02 1.695993e-01 2.399644e-01 0.000e+00
1.300000e+06 -4.938238e-02 6.132729e-02 -4.318961e-03 -2.082318e-01 1.981432e-01 1.493740e-01 2.231259e-02 1.262036e-02 9.928242e-02 1.234982e-02 1.525180e-04 -2.066790e-01 2.136320e-01 1.705777e-01 2.909675e-02 1.561546e-01 6.132729e-02 1.697247e-01 2.399092e-01 0.000e+00
1.310000e+06 -4.994383e-02 6.391161e-02 -4.720657e-03 -1.989819e-01 2.015389e-01 1.494772e-01 2.234344e-02 1.908007e-02 1.067186e-01 1.271014e-02 1.615475e-04 -2.061580e-01 2.054497e-01 1.694497e-01 2.871322e-02 1.564627e-01 6.391161e-02 1.686195e-01 2.399750e-01 0.000e+00
1.320000e+06 -4.995742e-02 6.401145e-02 -4.374502e-03 -1.988196e-01 1.907616e-01 1.490650e-01 2.222039e-02 1.917197e-02 1.038099e-01 1.303441e-02 1.698958e-04 -2.046826e-01 2.135750e-01 1.696238e-01 2.877223e-02 1.560394e-01 6.401145e-02 1.687885e-01 2.399063e-01 0.000e+00
1.330000e+06 -4.894221e-02 6.763585e-02 -4.541542e-03 -1.953595e-01 1.923339e-01 1.483784e-01 2.201615e-02 2.871596e-02 1.186248e-01 1.196924e-02 1.432628e-04 -2.034462e-01 2.133136e-01 1.690270e-01 2.857013e-02 1.551196e-01 6.763585e-02 1.682061e-01 2.397932e-01 0.000e+00
1.340000e+06 -4.900105e-02 6.943016e-02 -4.472930e-03 -1.990875e-01 2.044624e-01 1.477268e-01 2.182321e-02 2.422054e-02 1.048567e-01 1.241297e-02 1.540818e-04 -2.069919e-01 2.118561e-01 1.690574e-01 2.858040e-02 1.544662e-01 6.943016e-02 1.682191e-01 2.399658e-01 0.000e+00
1.350000e+06 -4.927921e-02 6.952675e-02 -4.349818e-03 -1.976311e-01 1.917194e-01 1.481697e-01 2.195426e-02 2.719203e-02 1.110704e-01 1.184218e-02 1.402372e-04 -2.100077e-01 2.128880e-01 1.681657e-01 2.827972e-02 1.550311e-01 6.952675e-02 1.672980e-01 2.396485e-01 0.000e+00
1.360000e+06 -4.900218e-02 7.194845e-02 -4.336040e-03 -1.950198e-01 1.905634e-01 1.471623e-01 2.165674e-02 2.997199e-02 1.032825e-01 1.176075e-02 1.383152e-04 -2.012834e-01 2.053773e-01 1.681554e-01 2.827625e-02 1.539773e-01 7.194845e-02 1.673253e-01 2.396907e-01 0.000e+00
1.370000e+06 -4.900779e-02 7.500475e-02 -4.249303e-03 -2.011706e-01 1.894961e-01 1.468507e-01 2.156514e-02 3.238773e-02 1.145721e-01 1.157376e-02 1.339519e-04 -2.053301e-01 2.066273e-01 1.673592e-01 2.800911e-02 1.536787e-01 7.500475e-02 1.665473e-01 2.398791e-01 0.000e+00
1.380000e+06 -4.872825e-02 7.715797e-02 -4.256582e-03 -2.002029e-01 1.968451e-01 1.467855e-01 2.154600e-02 3.807276e-02 1.186607e-01 1.132815e-02 1.283270e-04 -2.029678e-01 2.037637e-01 1.665821e-01 2.774960e-02 1.535415e-01 7.715797e-02 1.657573e-01 2.399132e-01 0.000e+00
1.390000e+06 -4.868110e-02 7.731064e-02 -4.371621e-03 -1.958629e-01 1.892083e-01 1.465462e-01 2.147580e-02 3.213452e-02 1.140771e-01 1.148033e-02 1.317979e-04 -2.007800e-01 2.007168e-01 1.667110e-01 2.779256e-02 1.533211e-01 7.731064e-02 1.658514e-01 2.399133e-01 0.000e+00
1.400000e+06 -4.882836e-02 7.868473e-02 -4.100548e-03 -2.011396e-01 1.910241e-01 1.462321e-01 2.138384e-02 3.977729e-02 1.120600e-01 1.152918e-02 1.329219e-04 -1.996773e-01 2.099396e-01 1.661350e-01 2.760083e-02 1.530158e-01 7.868473e-02 1.652744e-01 2.397923e-01 0.000e+00
1.410000e+06 -4.885633e-02 8.059977e-02 -4.097201e-03 -1.981734e-01 1.933977e-01 1.458954e-01 2.128547e-02 3.664498e-02 1.159703e-01 1.112529e-02 1.237720e-04 -2.053608e-01 1.999121e-01 1.657960e-01 2.748831e-02 1.526713e-01 8.059977e-02 1.649767e-01 2.399732e-01 0.000e+00
1.420000e+06 -4.850722e-02 8.263179e-02 -4.291024e-03 -1.925712e-01 1.880491e-01 1.451535e-01 2.106954e-02 3.834302e-02 1.147191e-01 1.089292e-02 1.186556e-04 -2.071963e-01 2.061454e-01 1.656946e-01 2.745470e-02 1.518801e-01 8.263179e-02 1.648650e-01 2.400836e-01 0.000e+00
1.430000e+06 -4.812362e-02 8.371519e-02 -4.640241e-03 -1.952222e-01 1.868502e-01 1.444708e-01 2.087180e-02 4.542797e-02 1.196048e-01 1.077837e-02 1.161732e-04 -2.022320e-01 2.025598e-01 1.649628e-01 2.721273e-02 1.511287e-01 8.371519e-02 1.641375e-01 2.394648e-01 0.000e+00
1.440000e+06 -4.785452e-02 8.510717e-02 -4.105700e-03 -1.921602e-01 1.905792e-01 1.450060e-01 2.102675e-02 4.305179e-02 1.199858e-01 1.100099e-02 1.210218e-04 -2.035586e-01 2.033539e-01 1.649753e-01 2.721684e-02 1.515181e-01 8.510717e-02 1.640881e-01 2.402299e-01 0.000e+00
1.450000e+06 -4.781634e-02 8.732756e-02 -4.147810e-03 -1.972650e-01 1.874438e-01 1.439763e-01 2.072918e-02 5.103958e-02 1.240474e-01 1.094485e-02 1.197898e-04 -2.014161e-01 1.989402e-01 1.640496e-01 2.691227e-02 1.505283e-01 8.732756e-02 1.632121e-01 2.397595e-01 0.000e+00
1.460000e+06 -4.774496e-02 8.839269e-02 -4.269186e-03 -1.929351e-01 1.875848e-01 1.434091e-01 2.056616e-02 5.087297e-02 1.218681e-01 1.021239e-02 1.042929e-04 -2.054294e-01 2.042574e-01 1.640876e-01 2.692475e-02 1.499625e-01 8.839269e-02 1.632136e-01 2.398060e-01 0.000e+00
1.470000e+06 -4.822221e-02 9.037199e-02 -4.221894e-03 -1.982422e-01 1.919054e-01 1.436941e-01 2.064798e-02 4.994398e-02 1.256437e-01 1.060103e-02 1.123818e-04 -1.994733e-01 2.036287e-01 1.631875e-01 2.663017e-02 1.504131e-01 9.037199e-02 1.622897e-01 2.402041e-01 0.000e+00
1.480000e+06 -4.727067e-02 9.195277e-02 -3.957522e-03 -1.949958e-01 1.863685e-01 1.424725e-01 2.029843e-02 5.450355e-02 1.259532e-01 1.064014e-02 1.132125e-04 -2.030406e-01 2.008954e-01 1.628542e-01 2.652150e-02 1.489647e-01 9.195277e-02 1.620496e-01 2.396840e-01 0.000e+00
1.490000e+06 -4.773447e-02 9.370006e-02 -4.164847e-03 -1.912353e-01 1.858848e-01 1.431831e-01 2.050139e-02 5.803826e-02 1.278268e-01 1.019351e-02 1.039076e-04 -2.044335e-01 2.029743e-01 1.622827e-01 2.633567e-02 1.497606e-01 9.370006e-02 1.614072e-01 2.404523e-01 0.000e+00
1.500000e+06 -4.701241e-02 9.450496e-02 -4.338826e-03 -1.898390e-01 1.858072e-01 1.422592e-01 2.023769e-02 5.889018e-02 1.255528e-01 1.017583e-02 1.035476e-04 -2.006039e-01 2.000445e-01 1.626079e-01 2.644132e-02 1.487127e-01 9.450496e-02 1.617610e-01 2.403278e-01 0.000e+00
1.510000e+06 -4.678110e-02 9.549688e-02 -4.302705e-03 -1.913503e-01 1.870130e-01 1.422448e-01 2.023358e-02 5.873288e-02 1.301655e-01 1.045040e-02 1.092109e-04 -1.991461e-01 1.988910e-01 1.618245e-01 2.618717e-02 1.485833e-01 9.549688e-02 1.609297e-01 2.401310e-01 0.000e+00
1.520000e+06 -4.715453e-02 9.661727e-02 -4.480662e-03 -1.894657e-01 1.866708e-01 1.415156e-01 2.002668e-02 5.807652e-02 1.264299e-01 1.016649e-02 1.033575e-04 -1.970738e-01 2.006960e-01 1.617127e-01 2.615101e-02 1.480275e-01 9.661727e-02 1.608466e-01 2.401426e-01 0.000e+00
1.530000e+06 -4.710727e-02 9.764231e-02 -4.105004e-03 -1.881856e-01 1.842591e-01 1.414033e-01 1.999489e-02 6.379771e-02 1.310396e-01 9.837147e-03 9.676945e-05 -1.973169e-01 1.977999e-01 1.612540e-01 2.600286e-02 1.479205e-01 9.764231e-02 1.603908e-01 2.401602e-01 0.000e+00
1.540000e+06 -4.680093e-02 9.893885e-02 -4.235973e-03 -1.899838e-01 1.849690e-01 1.409323e-01 1.986192e-02 6.314037e-02 1.310604e-01 1.009223e-02 1.018532e-04 -2.011487e-01 2.017531e-01 1.608197e-01 2.586297e-02 1.473533e-01 9.893885e-02 1.599433e-01 2.400745e-01 0.000e+00
1.550000e+06 -4.699433e-02 9.983110e-02 -4.042484e-03 -1.909094e-01 1.872460e-01 1.404992e-01 1.974004e-02 6.575946e-02 1.309562e-01 1.036437e-02 1.074202e-04 -2.034399e-01 1.983862e-01 1.606576e-01 2.581086e-02 1.469383e-01 9.983110e-02 1.597902e-01 2.401305e-01 0.000e+00
1.560000e+06 -4.657780e-02 1.007977e-01 -3.940529e-03 -1.909038e-01 1.832566e-01 1.409402e-01 1.986414e-02 5.997940e-02 1.330477e-01 1.034503e-02 1.070196e-04 -2.022730e-01 2.011681e-01 1.603376e-01 2.570815e-02 1.473150e-01 1.007977e-01 1.594176e-01 2.405065e-01 0.000e+00
1.570000e+06 -4.658381e-02 1.031839e-01 -4.073857e-03 -1.934674e-01 1.819735e-01 1.402659e-01 1.967453e-02 7.016861e-02 1.358091e-01 9.661251e-03 9.333977e-05 -2.013064e-01 2.034235e-01 1.596287e-01 2.548133e-02 1.466279e-01 1.031839e-01 1.587602e-01 2.406264e-01 0.000e+00
1.580000e+06 -4.596718e-02 1.044526e-01 -4.251195e-03 -1.879451e-01 1.875465e-01 1.385997e-01 1.920988e-02 7.104862e-02 1.436418e-01 9.439231e-03 8.909909e-05 -1.964363e-01 1.991070e-01 1.593738e-01 2.540001e-02 1.448365e-01 1.044526e-01 1.585056e-01 2.398936e-01 0.000e+00
1.590000e+06 -4.645449e-02 1.056857e-01 -4.187806e-03 -1.910152e-01 1.893412e-01 1.394741e-01 1.945302e-02 6.869744e-02 1.339134e-01 9.823173e-03 9.649473e-05 -1.919967e-01 1.975609e-01 1.586800e-01 2.517934e-02 1.458364e-01 1.056857e-01 1.577887e-01 2.406065e-01 0.000e+00
1.600000e+06 -4.550683e-02 1.065092e-01 -3.672505e-03 -1.936824e-01 1.850594e-01 1.395448e-01 1.947274e-02 7.066559e-02 1.353814e-01 9.600669e-03 9.217285e-05 -1.935175e-01 1.937885e-01 1.585169e-01 2.512761e-02 1.456532e-01 1.065092e-01 1.576705e-01 2.407171e-01 0.000e+00
1.610000e+06 -4.626964e-02 1.075989e-01 -4.402217e-03 -1.893194e-01 1.839152e-01 1.385479e-01 1.919552e-02 7.354297e-02 1.381890e-01 9.390201e-03 8.817587e-05 -1.922798e-01 1.972493e-01 1.585347e-01 2.513327e-02 1.449207e-01 1.075989e-01 1.576719e-01 2.407842e-01 0.000e+00
1.620000e+06 -4.625056e-02 1.095162e-01 -3.626154e-03 -1.880522e-01 1.786492e-01 1.378473e-01 1.900189e-02 7.781607e-02 1.377908e-01 9.455069e-03 8.939833e-05 -1.953107e-01 1.964044e-01 1.578418e-01 2.491403e-02 1.441780e-01 1.095162e-01 1.569437e-01 2.407718e-01 0.000e+00
1.630000e+06 -4.568141e-02 1.105563e-01 -4.052561e-03 -1.920115e-01 1.888226e-01 1.374191e-01 1.888400e-02 7.290223e-02 1.424372e-01 9.652919e-03 9.317884e-05 -1.954432e-01 1.930107e-01 1.575113e-01 2.480982e-02 1.436298e-01 1.105563e-01 1.566565e-01 2.407027e-01 0.000e+00
1.640000e+06 -4.564973e-02 1.112130e-01 -4.031060e-03 -1.828022e-01 1.792127e-01 1.377508e-01 1.897529e-02 7.911978e-02 1.420738e-01 9.440030e-03 8.911417e-05 -1.931903e-01 1.928055e-01 1.565099e-01 2.449535e-02 1.440235e-01 1.112130e-01 1.556753e-01 2.405446e-01 0.000e+00
1.650000e+06 -4.560720e-02 1.129057e-01 -3.909667e-03 -1.892310e-01 1.784175e-01 1.367214e-01 1.869274e-02 7.690460e-02 1.423688e-01 9.307376e-03 8.662725e-05 -1.986945e-01 2.001283e-01 1.575314e-01 2.481616e-02 1.429340e-01 1.129057e-01 1.566468e-01 2.413713e-01 0.000e+00
1.660000e+06 -4.509248e-02 1.138956e-01 -4.129716e-03 -1.830062e-01 1.777027e-01 1.364687e-01 1.862370e-02 8.095110e-02 1.489179e-01 9.290561e-03 8.631453e-05 -1.943170e-01 2.002075e-01 1.567914e-01 2.458355e-02 1.426171e-01 1.138956e-01 1.558817e-01 2.411287e-01 0.000e+00
1.670000e+06 -4.518585e-02 1.144991e-01 -4.120975e-03 -1.872409e-01 1.813087e-01 1.370007e-01 1.876918e-02 8.201283e-02 1.442323e-01 9.449211e-03 8.928758e-05 -1.939347e-01 1.937602e-01 1.557530e-01 2.425899e-02 1.430861e-01 1.144991e-01 1.549004e-01 2.410685e-01 0.000e+00
1.680000e+06 -4.486334e-02 1.157888e-01 -3.671415e-03 -1.884983e-01 1.898316e-01 1.356152e-01 1.839148e-02 8.751405e-02 1.461292e-01 8.803332e-03 7.749866e-05 -1.949377e-01 1.926988e-01 1.560170e-01 2.434130e-02 1.416885e-01 1.157888e-01 1.551382e-01 2.409908e-01 0.000e+00
1.690000e+06 -4.502324e-02 1.170932e-01 -4.065291e-03 -1.853164e-01 1.831318e-01 1.357704e-01 1.843360e-02 8.352570e-02 1.510315e-01 9.148244e-03 8.369036e-05 -1.885067e-01 1.925565e-01 1.552007e-01 2.408727e-02 1.418987e-01 1.170932e-01 1.542892e-01 2.412359e-01 0.000e+00
1.700000e+06 -4.454946e-02 1.189623e-01 -3.748972e-03 -1.818456e-01 1.841979e-01 1.351032e-01 1.825287e-02 8.521326e-02 1.476608e-01 8.947654e-03 8.006051e-05 -1.916983e-01 1.947161e-01 1.551383e-01 2.406788e-02 1.411199e-01 1.189623e-01 1.542377e-01 2.416288e-01 0.000e+00
1.710000e+06 -4.463538e-02 1.192534e-01 -3.617790e-03 -1.860319e-01 1.887086e-01 1.350963e-01 1.825101e-02 9.084940e-02 1.433713e-01 8.916051e-03 7.949597e-05 -1.923759e-01 1.977039e-01 1.546648e-01 2.392121e-02 1.410712e-01 1.192534e-01 1.538012e-01 2.414912e-01 0.000e+00
1.720000e+06 -4.432261e-02 1.205264e-01 -3.931833e-03 -1.803019e-01 1.806079e-01 1.340279e-01 1.796349e-02 8.958547e-02 1.522772e-01 9.269401e-03 8.592180e-05 -1.936929e-01 1.934384e-01 1.537784e-01 2.364779e-02 1.400331e-01 1.205264e-01 1.528647e-01 2.409025e-01 0.000e+00
1.730000e+06 -4.444623e-02 1.216242e-01 -3.764810e-03 -1.824705e-01 1.767021e-01 1.346391e-01 1.812769e-02 9.110919e-02 1.499134e-01 8.716870e-03 7.598382e-05 -1.916555e-01 1.929922e-01 1.537665e-01 2.364413e-02 1.406469e-01 1.216242e-01 1.528873e-01 2.418032e-01 0.000e+00
1.740000e+06 -4.473478e-02 1.228801e-01 -3.755734e-03 -1.860495e-01 1.791419e-01 1.337442e-01 1.788751e-02 8.903761e-02 1.557146e-01 9.388190e-03 8.813810e-05 -1.876173e-01 1.909354e-01 1.530633e-01 2.342836e-02 1.398029e-01 1.228801e-01 1.522090e-01 2.415716e-01 0.000e+00
1.750000e+06 -4.483403e-02 1.240858e-01 -3.474404e-03 -1.800182e-01 1.759626e-01 1.336560e-01 1.786392e-02 9.494422e-02 1.531215e-01 8.622033e-03 7.433946e-05 -1.861706e-01 1.944047e-01 1.528032e-01 2.334883e-02 1.398130e-01 1.240858e-01 1.518836e-01 2.419690e-01 0.000e+00
1.760000e+06 -4.366898e-02 1.249354e-01 -3.931595e-03 -1.847663e-01 1.759229e-01 1.327070e-01 1.761116e-02 9.360532e-02 1.580900e-01 8.900215e-03 7.921382e-05 -1.945505e-01 1.893318e-01 1.525010e-01 2.325655e-02 1.385077e-01 1.249354e-01 1.516101e-01 2.414912e-01 0.000e+00
1.770000e+06 -4.443797e-02 1.258183e-01 -3.759245e-03 -1.811896e-01 1.798722e-01 1.332848e-01 1.776483e-02 9.794500e-02 1.586487e-01 8.666674e-03 7.511123e-05 -1.827294e-01 1.894970e-01 1.517933e-01 2.304121e-02 1.393019e-01 1.258183e-01 1.509011e-01 2.419491e-01 0.000e+00
1.780000e+06 -4.359632e-02 1.271183e-01 -3.727812e-03 -1.813265e-01 1.768411e-01 1.322506e-01 1.749023e-02 9.816258e-02 1.596801e-01 8.798768e-03 7.741832e-05 -1.926771e-01 1.889741e-01 1.519249e-01 2.308119e-02 1.380661e-01 1.271183e-01 1.509643e-01 2.419917e-01 0.000e+00
1.790000e+06 -4.388546e-02 1.280782e-01 -4.453216e-03 -1.777152e-01 1.740010e-01 1.321229e-01 1.745645e-02 9.682627e-02 1.534499e-01 8.555228e-03 7.319192e-05 -1.833384e-01 1.849693e-01 1.511872e-01 2.285758e-02 1.380242e-01 1.280782e-01 1.502809e-01 2.420299e-01 0.000e+00
1.800000e+06 -4.333342e-02 1.288775e-01 -3.908449e-03 -1.761331e-01 1.742774e-01 1.312135e-01 1.721698e-02 1.021604e-01 1.575889e-01 8.583640e-03 7.367887e-05 -1.858974e-01 1.904321e-01 1.513845e-01 2.291726e-02 1.370063e-01 1.288775e-01 1.505018e-01 2.419752e-01 0.000e+00
1.810000e+06 -4.358042e-02 1.298847e-01 -3.603830e-03 -1.783459e-01 1.748184e-01 1.317529e-01 1.735883e-02 9.572701e-02 1.562530e-01 8.577555e-03 7.357445e-05 -1.835967e-01 1.926143e-01 1.504094e-01 2.262300e-02 1.375632e-01 1.298847e-01 1.494339e-01 2.422499e-01 0.000e+00
1.820000e+06 -4.356708e-02 1.309354e-01 -3.915793e-03 -1.817626e-01 1.727959e-01 1.312937e-01 1.723804e-02 1.046358e-01 1.592642e-01 8.462531e-03 7.161444e-05 -1.900033e-01 1.911764e-01 1.500135e-01 2.250405e-02 1.371676e-01 1.309354e-01 1.490950e-01 2.423034e-01 0.000e+00
1.830000e+06 -4.352131e-02 1.319996e-01 -3.810433e-03 -1.760174e-01 1.755927e-01 1.304815e-01 1.702542e-02 1.015654e-01 1.640097e-01 8.450449e-03 7.141008e-05 -1.848015e-01 1.936151e-01 1.499848e-01 2.249544e-02 1.362963e-01 1.319996e-01 1.491117e-01 2.424253e-01 0.000e+00
1.840000e+06 -4.358970e-02 1.331680e-01 -3.352914e-03 -1.752033e-01 1.752785e-01 1.302376e-01 1.696183e-02 1.030274e-01 1.677090e-01 8.816213e-03 7.772561e-05 -1.836195e-01 1.922028e-01 1.495192e-01 2.235598e-02 1.361193e-01 1.331680e-01 1.486025e-01 2.426676e-01 0.000e+00
1.850000e+06 -4.309162e-02 1.335544e-01 -4.078605e-03 -1.793878e-01 1.765197e-01 1.307379e-01 1.709239e-02 1.067870e-01 1.574320e-01 8.671767e-03 7.519955e-05 -1.826687e-01 1.915958e-01 1.484743e-01 2.204461e-02 1.364750e-01 1.335544e-01 1.475243e-01 2.424253e-01 0.000e+00
1.860000e+06 -4.319370e-02 1.347067e-01 -4.035316e-03 -1.825118e-01 1.776710e-01 1.291935e-01 1.669096e-02 9.712922e-02 1.612263e-01 8.481798e-03 7.194090e-05 -1.857804e-01 1.884894e-01 1.484444e-01 2.203575e-02 1.349406e-01 1.347067e-01 1.475257e-01 2.422274e-01 0.000e+00
1.870000e+06 -4.241098e-02 1.359797e-01 -3.385335e-03 -1.764131e-01 1.698004e-01 1.286697e-01 1.655590e-02 1.021078e-01 1.619773e-01 8.721841e-03 7.607051e-05 -1.815643e-01 1.870317e-01 1.485254e-01 2.205979e-02 1.342686e-01 1.359797e-01 1.475936e-01 2.425763e-01 0.000e+00
1.880000e+06 -4.299920e-02 1.370847e-01 -4.361008e-03 -1.776365e-01 1.741479e-01 1.288205e-01 1.659471e-02 1.049455e-01 1.623698e-01 8.463881e-03 7.163729e-05 -1.870215e-01 1.845290e-01 1.482444e-01 2.197639e-02 1.345018e-01 1.370847e-01 1.472593e-01 2.432047e-01 0.000e+00
1.890000e+06 -4.310098e-02 1.382073e-01 -3.631704e-03 -1.754338e-01 1.761543e-01 1.275354e-01 1.626527e-02 1.050537e-01 1.692489e-01 8.539364e-03 7.292074e-05 -1.816998e-01 1.968591e-01 1.486925e-01 2.210947e-02 1.333624e-01 1.382073e-01 1.477326e-01 2.434529e-01 0.000e+00
1.900000e+06 -4.256869e-02 1.387012e-01 -3.108758e-03 -1.745430e-01 1.701526e-01 1.282492e-01 1.644785e-02 1.101695e-01 1.634385e-01 8.362816e-03 6.993669e-05 -1.829285e-01 1.851003e-01 1.465782e-01 2.148518e-02 1.338260e-01 1.387012e-01 1.455800e-01 2.427144e-01 0.000e+00
1.910000e+06 -4.259573e-02 1.395096e-01 -4.440486e-03 -1.756892e-01 1.774053e-01 1.272598e-01 1.619505e-02 1.092256e-01 1.661741e-01 8.549077e-03 7.308672e-05 -1.826135e-01 1.848402e-01 1.471756e-01 2.166067e-02 1.330031e-01 1.395096e-01 1.463017e-01 2.430577e-01 0.000e+00
1.920000e+06 -4.192688e-02 1.405858e-01 -3.328330e-03 -1.726042e-01 1.704066e-01 1.258748e-01 1.584446e-02 1.130522e-01 1.687204e-01 8.440072e-03 7.123482e-05 -1.818980e-01 1.876403e-01 1.475437e-01 2.176915e-02 1.313814e-01 1.405858e-01 1.466035e-01 2.430473e-01 0.000e+00
1.930000e+06 -4.193185e-02 1.412063e-01 -3.993737e-03 -1.783885e-01 1.784369e-01 1.268747e-01 1.609719e-02 1.132708e-01 1.683976e-01 8.099936e-03 6.560896e-05 -1.810005e-01 1.910578e-01 1.463023e-01 2.140435e-02 1.323505e-01 1.412063e-01 1.453928e-01 2.431807e-01 0.000e+00
1.940000e+06 -4.175029e-02 1.428333e-01 -3.675365e-03 -1.747575e-01 1.707465e-01 1.270062e-01 1.613057e-02 1.114682e-01 1.699224e-01 8.521462e-03 7.261532e-05 -1.839228e-01 1.854590e-01 1.458045e-01 2.125894e-02 1.324389e-01 1.428333e-01 1.448328e-01 2.438681e-01 0.000e+00
1.950000e+06 -4.160884e-02 1.434311e-01 -3.517990e-03 -1.760455e-01 1.693938e-01 1.260134e-01 1.587937e-02 1.157487e-01 1.716042e-01 8.183265e-03 6.696582e-05 -1.820961e-01 1.853214e-01 1.464985e-01 2.146182e-02 1.314625e-01 1.434311e-01 1.454709e-01 2.440887e-01 0.000e+00
1.960000e+06 -4.132328e-02 1.450807e-01 -3.912540e-03 -1.721413e-01 1.670833e-01 1.252647e-01 1.569123e-02 1.103481e-01 1.709780e-01 8.592050e-03 7.382333e-05 -1.823645e-01 1.885962e-01 1.454565e-01 2.115759e-02 1.306413e-01 1.450807e-01 1.444772e-01 2.440234e-01 0.000e+00
1.970000e+06 -4.153291e-02 1.452744e-01 -3.371545e-03 -1.726986e-01 1.743084e-01 1.256107e-01 1.577806e-02 1.132733e-01 1.792939e-01 8.197868e-03 6.720504e-05 -1.796469e-01 1.834773e-01 1.449031e-01 2.099691e-02 1.310427e-01 1.452744e-01 1.439745e-01 2.440151e-01 0.000e+00
1.980000e+06 -4.125178e-02 1.466388e-01 -3.580777e-03 -1.689865e-01 1.621393e-01 1.234163e-01 1.523158e-02 1.115344e-01 1.721741e-01 8.132256e-03 6.613359e-05 -1.791325e-01 1.841767e-01 1.453936e-01 2.113930e-02 1.287892e-01 1.466388e-01 1.444436e-01 2.439476e-01 0.000e+00
1.990000e+06 -4.119131e-02 1.473268e-01 -3.810725e-03 -1.715285e-01 1.673429e-01 1.234703e-01 1.524492e-02 1.148938e-01 1.758875e-01 8.449742e-03 7.139813e-05 -1.787534e-01 1.880344e-01 1.445241e-01 2.088723e-02 1.288168e-01 1.473268e-01 1.435292e-01 2.438741e-01 0.000e+00
2.000000e+06 -4.143798e-02 1.481056e-01 -4.165170e-03 -1.725826e-01 1.620352e-01 1.231362e-01 1.516254e-02 1.186070e-01 1.750789e-01 8.060451e-03 6.497087e-05 -1.824759e-01 1.841457e-01 1.444154e-01 2.085581e-02 1.285675e-01 1.481056e-01 1.434037e-01 2.441534e-01 0.000e+00
2.010000e+06 -4.111668e-02 1.479520e-01 -3.679378e-03 -1.724782e-01 1.748398e-01 1.233709e-01 1.522038e-02 1.161158e-01 1.763946e-01 8.209879e-03 6.740212e-05 -1.778086e-01 1.834860e-01 1.443999e-01 2.085133e-02 1.287430e-01 1.479520e-01 1.434588e-01 2.441180e-01 0.000e+00
2.020000e+06 -4.146379e-02 1.485620e-01 -3.347484e-03 -1.696839e-01 1.692566e-01 1.235162e-01 1.525626e-02 1.199299e-01 1.742767e-01 8.016213e-03 6.425968e-05 -1.782538e-01 1.812646e-01 1.436114e-01 2.062425e-02 1.289795e-01 1.485620e-01 1.426411e-01 2.441353e-01 0.000e+00
2.030000e+06 -4.085871e-02 1.481074e-01 -3.439382e-03 -1.732812e-01 1.782704e-01 1.240676e-01 1.539276e-02 1.211233e-01 1.795161e-01 8.011507e-03 6.418425e-05 -1.797503e-01 1.808902e-01 1.441390e-01 2.077606e-02 1.294009e-01 1.481074e-01 1.431080e-01 2.443535e-01 0.000e+00
2.040000e+06 -4.147513e-02 1.483735e-01 -3.720976e-03 -1.733655e-01 1.684249e-01 1.249770e-01 1.561924e-02 1.196423e-01 1.779877e-01 8.230744e-03 6.774515e-05 -1.779314e-01 1.803830e-01 1.434131e-01 2.056731e-02 1.303747e-01 1.483735e-01 1.424622e-01 2.446711e-01 0.000e+00
2.050000e+06 -4.046600e-02 1.486880e-01 -3.302181e-03 -1.765305e-01 1.676244e-01 1.234855e-01 1.524867e-02 1.183127e-01 1.732436e-01 8.295387e-03 6.881345e-05 -1.784565e-01 1.782107e-01 1.444545e-01 2.086709e-02 1.286973e-01 1.486880e-01 1.434681e-01 2.445523e-01 0.000e+00
2.060000e+06 -4.105737e-02 1.481505e-01 -3.434854e-03 -1.701407e-01 1.637799e-01 1.240951e-01 1.539960e-02 1.166605e-01 1.803263e-01 8.167952e-03 6.671543e-05 -1.794494e-01 1.861867e-01 1.437033e-01 2.065064e-02 1.294763e-01 1.481505e-01 1.427350e-01 2.441839e-01 0.000e+00
2.070000e+06 -4.070528e-02 1.481978e-01 -3.666132e-03 -1.719205e-01 1.734277e-01 1.237055e-01 1.530306e-02 1.181668e-01 1.744388e-01 8.139231e-03 6.624708e-05 -1.830380e-01 1.848248e-01 1.440417e-01 2.074801e-02 1.289343e-01 1.481978e-01 1.430812e-01 2.441482e-01 0.000e+00
2.080000e+06 -4.129918e-02 1.484364e-01 -3.455221e-03 -1.695191e-01 1.666457e-01 1.230420e-01 1.513933e-02 1.170637e-01 1.760586e-01 8.308211e-03 6.902637e-05 -1.846925e-01 1.839109e-01 1.444539e-01 2.086694e-02 1.285178e-01 1.484364e-01 1.434330e-01 2.443094e-01 0.000e+00
2.090000e+06 -4.058168e-02 1.480359e-01 -3.579941e-03 -1.710196e-01 1.685110e-01 1.241441e-01 1.541175e-02 1.239721e-01 1.776294e-01 8.090411e-03 6.545476e-05 -1.751016e-01 1.843990e-01 1.435153e-01 2.059664e-02 1.294191e-01 1.480359e-01 1.425528e-01 2.439477e-01 0.000e+00
2.100000e+06 -4.163951e-02 1.483771e-01 -3.465454e-03 -1.726743e-01 1.664944e-01 1.240851e-01 1.539711e-02 1.120621e-01 1.744493e-01 8.127683e-03 6.605924e-05 -1.822016e-01 1.814806e-01 1.439966e-01 2.073501e-02 1.295675e-01 1.483771e-01 1.430014e-01 2.445646e-01 0.000e+00
