TimeStep	simtime	s1	s2	s3	p1	p2	p3	Px	Py	Pz
5000	0.1275	6.20E-06	-5.10E-05	-3.89E-05	-0.00125533	-0.018837511	-0.003324103	-17.5655801	-10.77402857	-13.67552883
10000	0.3775	5.86E-05	-0.00015098	-6.89E-05	-0.002050983	-0.030818142	-0.002580743	-17.56418428	-10.89788981	-13.69077667
15000	0.6275	0.000109907	-0.00025098	1.26E-05	-0.001209924	-0.029083952	-0.004434152	-17.58677264	-10.96682935	-13.6880433
20000	0.8775	0.000157331	-0.00035098	7.32E-05	-0.000708983	-0.038134531	-0.002606779	-17.58695826	-11.03319134	-13.68331059
25000	1.1275	0.000207425	-0.00045098	6.55E-05	-0.001763444	-0.040368263	-0.002596375	-17.58021835	-11.06146754	-13.68688691
30000	1.3775	0.000245763	-0.00055098	0.00015156	-0.000873102	-0.050871451	-0.004496612	-17.60624426	-11.02977942	-13.69797925
35000	1.6275	0.000224405	-0.00065098	0.000237691	-0.001962255	-0.051963671	-0.001879927	-17.60098515	-11.04844853	-13.68182173
40000	1.8775	0.000405318	-0.00075098	0.000109655	-0.001091254	-0.065139668	-0.004739463	-17.59740848	-11.03932564	-13.68926054
45000	2.1275	0.000401845	-0.00085098	0.000288167	-0.000338207	-0.054295927	-0.002709182	-17.62960062	-10.99761269	-13.69467251
50000	2.3775	0.000262813	-0.00095098	0.000432242	-0.00272694	-0.07517192	-0.001878922	-17.60675163	-11.0071757	-13.69984482
55000	2.6275	0.000574484	-0.00105098	0.000243039	-0.000178226	-0.071619008	-0.004022981	-17.63647202	-11.08572112	-13.68911066
60000	2.8775	0.000468208	-0.00115098	0.000412872	-0.002161827	-0.079585235	-0.00252975	-17.63030102	-11.10970981	-13.69692105
65000	3.1275	0.000536231	-0.00125098	0.00043481	-0.001229713	-0.085200144	-0.003988024	-17.64389239	-11.10119864	-13.68495019
70000	3.3775	0.000600038	-0.00135098	0.000492523	-0.001042175	-0.085902872	-0.003341303	-17.63719456	-11.11967855	-13.70800668
75000	3.6275	0.000631792	-0.00145098	0.000497027	-0.001618121	-0.100939424	-0.003671555	-17.65394806	-11.06606264	-13.70459176
80000	3.8775	0.000647916	-0.00155098	0.000585664	-0.001641961	-0.094294528	-0.001698199	-17.64688324	-11.0454188	-13.68192362
85000	4.1275	0.000806251	-0.00165098	0.000549166	-8.05E-05	-0.102577408	-0.004424417	-17.67728122	-11.03128138	-13.71279306
90000	4.3775	0.000712972	-0.00175098	0.000681068	-0.002363176	-0.115198698	-0.002272591	-17.6533644	-11.05038956	-13.70064326
95000	4.6275	0.000815688	-0.00185098	0.000657948	-0.000181818	-0.12179631	-0.003634549	-17.70024621	-11.13191904	-13.70183012
100000	4.8775	0.00088194	-0.00195098	0.000732489	-0.0025812	-0.117736301	-0.002714159	-17.6647997	-11.20126584	-13.70525313
105000	5.1275	0.000897874	-0.00205098	0.000732622	-0.00056064	-0.127694842	-0.003865491	-17.69227315	-11.18295794	-13.70800055
110000	5.3775	0.000970235	-0.00215098	0.000815413	-0.001962445	-0.130009033	-0.002799771	-17.68244179	-11.22450614	-13.68383221
115000	5.6275	0.00092691	-0.00225098	0.000898585	-0.001740474	-0.146120397	-0.003149232	-17.68883762	-11.198448	-13.72344558
120000	5.8775	0.001125362	-0.00235098	0.000805099	0.000548417	-0.144200652	-0.003797157	-17.72062127	-11.2987383	-13.69468486
125000	6.1275	0.001054592	-0.00245098	0.000965441	-0.003104014	-0.154744895	-0.003144024	-17.70637607	-11.28003562	-13.70809679
130000	6.3775	0.001113045	-0.00255098	0.000980908	-0.000444024	-0.157284614	-0.002277779	-17.71148843	-11.23233435	-13.70934426
135000	6.6275	0.00121847	-0.00265098	0.000951132	-0.001321769	-0.168277511	-0.00458765	-17.73231954	-11.24218345	-13.70363791
140000	6.8775	0.001159782	-0.00275098	0.001125746	-0.002030715	-0.168120151	-0.001514947	-17.73154029	-11.30240347	-13.7088781
145000	7.1275	0.00127523	-0.00285098	0.001088238	-0.000258894	-0.176108855	-0.003766116	-17.72158872	-11.2918951	-13.71112506
150000	7.3775	0.001323088	-0.00295098	0.001116131	-0.002096519	-0.181971585	-0.003628717	-17.75751401	-11.26834384	-13.71118768
155000	7.6275	0.00136033	-0.00305098	0.001185801	-0.000744204	-0.187273443	-0.002956137	-17.74414232	-11.28807329	-13.71710696
160000	7.8775	0.001323673	-0.00315098	0.001262726	-0.002086139	-0.198570276	-0.00374881	-17.74202673	-11.26755557	-13.70683125
165000	8.1275	0.001446317	-0.00325098	0.001283266	-0.001256663	-0.201842323	-0.002035848	-17.75478212	-11.27314821	-13.71972348
170000	8.3775	0.001477351	-0.00335098	0.001290955	-0.001462021	-0.211415367	-0.004587808	-17.76460531	-11.19978005	-13.71538852
175000	8.6275	0.001543248	-0.00345098	0.001339741	-0.000454886	-0.221015539	-0.002856541	-17.77306184	-11.22179153	-13.71937574
180000	8.8775	0.001521609	-0.00355098	0.001444763	-0.001594746	-0.22480337	-0.002763888	-17.76758197	-11.20024551	-13.71705874
185000	9.1275	0.001587126	-0.00365098	0.001448402	-0.001905121	-0.229339218	-0.003139695	-17.78178297	-11.2212528	-13.72680227
190000	9.3775	0.001648079	-0.00375098	0.001512648	-0.000749793	-0.237309987	-0.002572636	-17.78346415	-11.18905066	-13.72131919
195000	9.6275	0.001660639	-0.00385098	0.00157282	-0.001550412	-0.244881514	-0.004312111	-17.79396774	-11.23057024	-13.72149111
200000	9.8775	0.001773522	-0.00395098	0.001501049	-0.001466909	-0.255230006	-0.002337274	-17.80113922	-11.25479511	-13.72706084
205000	10.1275	0.001778651	-0.00405098	0.001622208	-0.000672731	-0.260127105	-0.0044204	-17.80037356	-11.24898796	-13.72547713
210000	10.3775	0.001782335	-0.00415098	0.001719567	-0.002755238	-0.260064323	-0.002354203	-17.81333181	-11.24072627	-13.72173862
215000	10.6275	0.001814002	-0.00425098	0.001729493	-0.000483339	-0.27762559	-0.003262109	-17.81017294	-11.24720679	-13.73616965
220000	10.8775	0.001996241	-0.00435098	0.001688055	-0.001081243	-0.273691092	-0.003238368	-17.83356795	-11.30630998	-13.72112195
225000	11.1275	0.001883866	-0.00445098	0.001851444	-0.00188799	-0.288019211	-0.002740492	-17.8197598	-11.27776763	-13.73278619
230000	11.3775	0.002028608	-0.00455098	0.001814331	-0.000341244	-0.291119624	-0.004117975	-17.84820791	-11.27512798	-13.73692649
235000	11.6275	0.002005744	-0.00465098	0.001918509	-0.002584513	-0.296319303	-0.00202441	-17.81703859	-11.24888918	-13.73430369
240000	11.8775	0.00209479	-0.00475098	0.001907561	-9.42E-05	-0.310509039	-0.004182515	-17.8686243	-11.30760846	-13.72686863
245000	12.1275	0.002115005	-0.00485098	0.001993428	-0.002624007	-0.309634178	-0.003037658	-17.84759199	-11.31789374	-13.75151295
250000	12.3775	0.002198976	-0.00495098	0.001977523	-0.000728464	-0.322573837	-0.002755078	-17.85427363	-11.32175421	-13.731465
255000	12.6275	0.002175362	-0.00505098	0.002090661	-0.000876809	-0.323993509	-0.003633718	-17.85812079	-11.29029795	-13.73359975
260000	12.8775	0.002255397	-0.00515098	0.002120189	-0.002381992	-0.335691599	-0.003701527	-17.89349878	-11.28062427	-13.73919366
265000	13.1275	0.002316082	-0.00525098	0.002128552	3.53E-05	-0.34089725	-0.001504225	-17.85603923	-11.3083028	-13.74006055
270000	13.3775	0.002321091	-0.00535098	0.002204977	-0.00209526	-0.349407153	-0.004321875	-17.88080152	-11.32705034	-13.73989413
275000	13.6275	0.002387036	-0.00545098	0.002261779	-0.001536433	-0.352332682	-0.003016228	-17.90391905	-11.39593762	-13.7493571
280000	13.8775	0.002443754	-0.00555098	0.002243976	-0.000620923	-0.376287164	-0.003293992	-17.88433473	-11.52284698	-13.74814856
285000	14.1275	0.002544397	-0.00565098	0.002258051	-0.00108117	-0.3764304	-0.003354023	-17.90220279	-11.59063218	-13.7325354
290000	14.3775	0.00247063	-0.00575098	0.002399896	-0.003447833	-0.387751883	-0.003052857	-17.90823491	-11.57989754	-13.75541266
295000	14.6275	0.002567881	-0.00585098	0.002412313	0.00034717	-0.391407019	-0.002930409	-17.91912325	-11.55430152	-13.74655329
300000	14.8775	0.002626916	-0.00595098	0.00242307	-0.001967519	-0.405312442	-0.00253018	-17.91420369	-11.60095518	-13.7505429
305000	15.1275	0.002702317	-0.00605098	0.002442317	-0.000879281	-0.406338773	-0.004957443	-17.94233182	-11.64771696	-13.74026353
310000	15.3775	0.002643744	-0.00615098	0.002591184	-0.001499516	-0.417055117	-0.002040032	-17.92248838	-11.57412922	-13.75201608
315000	15.6275	0.002800033	-0.00625098	0.002550487	-0.000571019	-0.417860245	-0.003284904	-17.94076072	-11.47251795	-13.75693044
320000	15.8775	0.002738228	-0.00635098	0.002651447	-0.002064014	-0.445923203	-0.003417508	-17.9384579	-11.31427699	-13.75525709
325000	16.1275	0.002791046	-0.00645098	0.002697757	-0.001709318	-0.448761119	-0.002201604	-17.9402463	-11.24318863	-13.75685458
330000	16.3775	0.002891388	-0.00655098	0.002696317	-0.000490394	-0.460330984	-0.00516973	-17.95952442	-11.30872499	-13.74509694
335000	16.6275	0.00283076	-0.00665098	0.002819003	-0.002198424	-0.463329122	-0.001623813	-17.94607885	-11.26776641	-13.76607751
340000	16.8775	0.002958343	-0.00675098	0.002824746	-0.000476911	-0.473826677	-0.003692988	-17.97266865	-11.30372004	-13.75943263
345000	17.1275	0.002997558	-0.00685098	0.002817204	-0.002404845	-0.482603558	-0.0037504	-17.96328246	-11.30106547	-13.75328954
350000	17.3775	0.003004608	-0.00695098	0.002958974	4.51E-05	-0.486032101	-0.002117363	-17.97480136	-11.32025641	-13.76295656
355000	17.6275	0.003071554	-0.00705098	0.002957088	-0.002062275	-0.493579351	-0.0043435	-17.98647811	-11.26996418	-13.75572621
360000	17.8775	0.003077024	-0.00715098	0.00302946	-0.002293341	-0.499938122	-0.001755218	-17.97687771	-11.31785862	-13.77055255
365000	18.1275	0.00314767	-0.00725098	0.00305453	-0.000385028	-0.512896501	-0.003962454	-17.99986637	-11.35259733	-13.75940716
370000	18.3775	0.003251307	-0.00735098	0.00307022	-0.000943795	-0.512635666	-0.003568132	-18.01225021	-11.29520106	-13.76900309
375000	18.6275	0.003220802	-0.00745098	0.003147227	-0.001087109	-0.524196913	-0.002451475	-17.9865645	-11.34866688	-13.76893458
380000	18.8775	0.00325987	-0.00755098	0.003211891	-0.001830502	-0.530635872	-0.003920933	-18.02070412	-11.31891328	-13.77311068
385000	19.1275	0.003330233	-0.00765098	0.003247487	-0.001741652	-0.538606249	-0.002298234	-18.01593471	-11.36370313	-13.76555643
390000	19.3775	0.003335161	-0.00775098	0.003305641	-0.0004556	-0.546534793	-0.004009654	-18.0178354	-11.31212009	-13.76602476
395000	19.6275	0.00345171	-0.00785098	0.003309942	-0.002514671	-0.553438337	-0.00276447	-18.0323724	-11.30928798	-13.78621147
400000	19.8775	0.003427925	-0.00795098	0.003400672	-0.000104105	-0.556282338	-0.003332339	-18.03239004	-11.32405245	-13.76368569
405000	20.1275	0.003477977	-0.00805098	0.003454017	-0.002235691	-0.573194689	-0.003144149	-18.03573774	-11.42680779	-13.77303982
410000	20.3775	0.003554837	-0.00815098	0.003450254	-0.001198599	-0.575059497	-0.003016522	-18.05119959	-11.36171121	-13.78332972
415000	20.6275	0.00361171	-0.00825098	0.0035014	-0.000126577	-0.582425876	-0.003741795	-18.05164284	-11.37668407	-13.774394
420000	20.8775	0.003570543	-0.00835098	0.003620464	-0.002558561	-0.59481371	-0.00254961	-18.05254358	-11.34879002	-13.77671854
425000	21.1275	0.003710615	-0.00845098	0.003577546	-0.001263297	-0.592480147	-0.003686758	-18.06674026	-11.37255973	-13.77613168
430000	21.3775	0.003696033	-0.00855098	0.003655347	-0.001019603	-0.604358915	-0.003505034	-18.07334885	-11.31245204	-13.78422892
435000	21.6275	0.003713694	-0.00865098	0.003793492	-0.002032901	-0.621262313	-0.002917782	-18.067983	-11.02433387	-13.78455089
440000	21.8775	0.003813472	-0.00875098	0.003736702	0.00041567	-0.630710279	-0.00327872	-18.06613217	-10.82189374	-13.78468735
445000	22.1275	0.003782896	-0.00885098	0.003840162	-0.001764515	-0.650028957	-0.002284985	-18.07572006	-10.51518619	-13.78431799
450000	22.3775	0.003797706	-0.00895098	0.003931834	-0.003064799	-0.665251344	-0.003755246	-18.06690987	-10.31034914	-13.78922196
455000	22.6275	0.003844481	-0.00905098	0.003959099	0.000526779	-0.67760008	-0.003265473	-18.05329179	-10.32081676	-13.78084936
460000	22.8775	0.003920455	-0.00915098	0.003977563	-0.002265741	-0.679192224	-0.003129645	-18.09760411	-10.33489245	-13.78619355
465000	23.1275	0.003952108	-0.00925098	0.004034802	-0.001945752	-0.69485649	-0.003046412	-18.07933731	-10.31534438	-13.79495867
470000	23.3775	0.004017031	-0.00935098	0.004079026	0.000154904	-0.690275148	-0.003475119	-18.0974716	-10.25287775	-13.78293626
475000	23.6275	0.004043053	-0.00945098	0.004130642	-0.002302722	-0.70432614	-0.003632065	-18.10375244	-10.06257463	-13.79287408
480000	23.8775	0.004061844	-0.00955098	0.004204165	-0.001060476	-0.718272224	-0.002990247	-18.09129091	-9.98719672	-13.79329089
485000	24.1275	0.004105463	-0.00965098	0.004249099	-0.001719403	-0.723839172	-0.001968527	-18.11755809	-9.968510999	-13.78870403
490000	24.3775	0.004190245	-0.00975098	0.004269241	-0.000755498	-0.732243825	-0.004387059	-18.11543612	-9.807139064	-13.79220525
495000	24.6275	0.004198636	-0.00985098	0.004306966	-0.002123251	-0.753280562	-0.002710971	-18.12052918	-9.87880058	-13.79268719
500000	24.8775	0.00424712	-0.00995098	0.004386229	-0.000495785	-0.746284098	-0.003817886	-18.14078845	-9.683498441	-13.78958692
505000	25.1275	0.004331232	-0.01005098	0.004388665	-0.001298152	-0.76493071	-0.003361658	-18.13921913	-9.705954828	-13.79779485
510000	25.3775	0.004294555	-0.01015098	0.004489813	-0.001751675	-0.784932793	-0.002858906	-18.12828474	-9.641618112	-13.80109793
515000	25.6275	0.004394344	-0.01025098	0.004526416	-0.000842368	-0.782387055	-0.003392698	-18.15104299	-9.471998721	-13.80376441
520000	25.8775	0.004362538	-0.01035098	0.004622091	-0.001890661	-0.794612104	-0.002074884	-18.15351102	-9.459367793	-13.79844681
525000	26.1275	0.004466181	-0.01045098	0.004601432	-0.001517285	-0.805981682	-0.003350424	-18.15046269	-9.442353725	-13.81022902
530000	26.3775	0.00454946	-0.01055098	0.004616545	-0.000528087	-0.812206926	-0.004326661	-18.17110047	-9.136730974	-13.79204963
535000	26.6275	0.004548109	-0.01065098	0.004695309	-0.002358478	-0.829971613	-0.003322367	-18.16547818	-8.688148091	-13.81146683
540000	26.8775	0.004577674	-0.01075098	0.004759333	-0.000260751	-0.856349301	-0.002902445	-18.16178279	-8.21484042	-13.82155712
545000	27.1275	0.004636115	-0.01085098	0.004775548	-0.001726824	-0.886564654	-0.002374332	-18.17463569	-7.689415514	-13.80151968
550000	27.3775	0.00467154	-0.01095098	0.004800083	-0.00180309	-0.911228639	-0.003491481	-18.1676835	-7.340908755	-13.81825395
555000	27.6275	0.004744662	-0.01105098	0.004841203	-0.000962463	-0.916728791	-0.00301286	-18.17311649	-6.974822211	-13.8171214
560000	27.8775	0.004754127	-0.01115098	0.004915549	-0.000575608	-0.94856742	-0.003677473	-18.18350554	-6.667285753	-13.80654924
565000	28.1275	0.004809117	-0.01125098	0.004920528	-0.002041793	-0.952117046	-0.00279773	-18.17157612	-6.296189717	-13.81182378
570000	28.3775	0.004880192	-0.01135098	0.004932159	-0.001403026	-0.985430358	-0.003417719	-18.17758553	-5.64351454	-13.81438041
575000	28.6275	0.004842424	-0.01145098	0.005014358	-0.00162127	-1.045033212	-0.003959412	-18.16007825	-4.939501783	-13.79487149
580000	28.8775	0.00488984	-0.01155098	0.005082779	-0.001819061	-1.055362042	-0.002567308	-18.15118915	-4.924184458	-13.8010609
585000	29.1275	0.004989919	-0.01165098	0.005079981	-0.00028312	-1.061697292	-0.003278247	-18.17605512	-5.009221211	-13.81542267
590000	29.3775	0.00505599	-0.01175098	0.005104928	-0.001346676	-1.056478221	-0.002605569	-18.19237038	-5.175638086	-13.80251667
595000	29.6275	0.005047577	-0.01185098	0.005202846	-0.000631475	-1.072449499	-0.004230453	-18.17447988	-5.190030723	-13.80627641
600000	29.8775	0.005091891	-0.01195098	0.005266744	-0.002943249	-1.081998529	-0.002097928	-18.18756154	-5.234172083	-13.82283937
605000	30.1275	0.005116698	-0.01205098	0.005287687	-0.000859373	-1.093201087	-0.004117864	-18.18850204	-5.319463476	-13.80481856
610000	30.3775	0.005277191	-0.01215098	0.005291306	-0.000390785	-1.078341287	-0.002704306	-18.22634775	-5.519207792	-13.80942956
615000	30.6275	0.005209079	-0.01225098	0.005410441	-0.002272995	-1.104627193	-0.002814316	-18.19970738	-5.484989674	-13.81526165
620000	30.8775	0.005263282	-0.01235098	0.005431561	-0.001139118	-1.121331624	-0.00362373	-18.20310833	-5.504610333	-13.8126317
625000	31.1275	0.005362624	-0.01245098	0.005467737	-0.00161842	-1.119304635	-0.003089268	-18.22915555	-5.629297316	-13.81383357
630000	31.3775	0.005398551	-0.01255098	0.005511851	-0.00058113	-1.127205868	-0.003678431	-18.22303038	-5.721634369	-13.83011023
635000	31.6275	0.005433474	-0.01265098	0.005571087	-0.001298821	-1.13080876	-0.002484906	-18.23577369	-5.827026368	-13.80820485
640000	31.8775	0.005477259	-0.01275098	0.005637511	-0.001580555	-1.142006144	-0.002877703	-18.24169241	-5.875398087	-13.82215053
645000	32.1275	0.005493808	-0.01285098	0.005684917	-0.00152757	-1.150842469	-0.004458883	-18.24485941	-5.961911245	-13.82501321
650000	32.3775	0.005573917	-0.01295098	0.005707318	-0.002199111	-1.152704682	-0.00267575	-18.24872076	-6.084488164	-13.82207888
655000	32.6275	0.005685326	-0.01305098	0.005716052	-0.000110331	-1.149640596	-0.003196399	-18.28060269	-6.240728216	-13.82039025
660000	32.8775	0.005587332	-0.01315098	0.005892133	-0.001203421	-1.181628695	-0.002930334	-18.2571626	-6.15738174	-13.83608035
665000	33.1275	0.005726788	-0.01325098	0.005858273	-0.001950178	-1.183707887	-0.002364113	-18.27838257	-6.271163018	-13.81902639
670000	33.3775	0.005779441	-0.01335098	0.00587612	-0.001506875	-1.186999657	-0.004345243	-18.28356572	-6.408161762	-13.82973105
675000	33.6275	0.005838242	-0.01345098	0.005926039	-0.000761414	-1.193253336	-0.003539268	-18.2886856	-6.504466962	-13.83294095
680000	33.8775	0.00581648	-0.01355098	0.006076923	-0.001461072	-1.198169484	-0.002173569	-18.28476098	-6.606494169	-13.82882599
685000	34.1275	0.005905827	-0.01365098	0.006042897	-0.001422401	-1.212086347	-0.004134296	-18.3068871	-6.656710077	-13.83435571
690000	34.3775	0.005935715	-0.01375098	0.006105539	-0.00197863	-1.212226216	-0.002063537	-18.29883229	-6.824840795	-13.82965541
695000	34.6275	0.006028585	-0.01385098	0.006141669	-0.000140716	-1.217994028	-0.004261237	-18.32095821	-6.910130922	-13.83366149
700000	34.8775	0.006027134	-0.01395098	0.006220937	-0.001957594	-1.233568684	-0.002210806	-18.32098833	-6.955145319	-13.83527302
705000	35.1275	0.006092365	-0.01405098	0.006232606	-0.000535195	-1.255866886	-0.00411876	-18.31525913	-6.933380429	-13.83763142
710000	35.3775	0.006131657	-0.01415098	0.006321967	-0.002477429	-1.241319709	-0.003429252	-18.33781497	-7.217567876	-13.83859372
715000	35.6275	0.00618925	-0.01425098	0.006344474	-0.001395192	-1.252759723	-0.002354422	-18.33802946	-7.298700281	-13.84241977
720000	35.8775	0.006237683	-0.01435098	0.006405093	-0.000276106	-1.26276333	-0.003664421	-18.33447407	-7.366474553	-13.84691503
725000	36.1275	0.006243732	-0.01445098	0.006486677	-0.002505022	-1.269941464	-0.002432079	-18.35098608	-7.484309627	-13.83802077
730000	36.3775	0.006367324	-0.01455098	0.006454578	6.01E-05	-1.285171326	-0.003888771	-18.36469302	-7.526113061	-13.84299405
735000	36.6275	0.006410302	-0.01465098	0.006526827	-0.001438234	-1.263584391	-0.003257179	-18.37770767	-7.918872612	-13.85213495
740000	36.8775	0.006366424	-0.01475098	0.00664618	-0.002580657	-1.298248786	-0.003188081	-18.35406806	-7.768316369	-13.84414657
745000	37.1275	0.006460113	-0.01485098	0.006652378	-0.000349544	-1.315825079	-0.002711558	-18.37894733	-7.775591086	-13.84760087
750000	37.3775	0.006546871	-0.01495098	0.006684584	-0.001719002	-1.311350508	-0.002865494	-18.38986088	-8.022174879	-13.85124188
755000	37.6275	0.006570008	-0.01505098	0.006729987	-0.001215203	-1.312090418	-0.003976525	-18.38719326	-8.231974672	-13.85614997
760000	37.8775	0.006621601	-0.01515098	0.006791741	-0.001118696	-1.320468469	-0.003342883	-18.39560304	-8.342160883	-13.84977374
765000	38.1275	0.006628338	-0.01525098	0.006882556	-0.002428508	-1.338566023	-0.002643383	-18.39601964	-8.348123991	-13.85289027
770000	38.3775	0.006722262	-0.01535098	0.006873066	-0.000234832	-1.341363145	-0.003397995	-18.41105912	-8.546850845	-13.86172221
775000	38.6275	0.006767431	-0.01545098	0.006948536	-0.001137999	-1.336472552	-0.002917058	-18.41327452	-8.830215642	-13.84829055
780000	38.8775	0.006822711	-0.01555098	0.006974919	-0.00191498	-1.340954511	-0.003927793	-18.42572511	-9.045726168	-13.85599718
785000	39.1275	0.006845345	-0.01565098	0.007052467	-0.001145196	-1.379562654	-0.002830202	-18.41798214	-8.788963195	-13.86866335
790000	39.3775	0.006870584	-0.01575098	0.007120081	-0.001433224	-1.385456127	-0.002787847	-18.43114353	-8.967332102	-13.85557617
795000	39.6275	0.006942719	-0.01585098	0.007146392	-0.00181631	-1.373005352	-0.003802855	-18.43427204	-9.478126776	-13.87016846
800000	39.8775	0.007074927	-0.01595098	0.007135213	-6.59E-05	-1.373036043	-0.002874581	-18.46022466	-9.688963346	-13.87234876
805000	40.1275	0.006979557	-0.01605098	0.007323268	-0.002384706	-1.383266456	-0.003307	-18.44672955	-9.853619957	-13.85463079
810000	40.3775	0.00708128	-0.01615098	0.007291699	-0.000662935	-1.411876532	-0.00349148	-18.44990408	-9.684976139	-13.86439331
815000	40.6275	0.007176702	-0.01625098	0.007285005	-0.001780212	-1.425626353	-0.003119827	-18.46332085	-9.812936601	-13.8705396
820000	40.8775	0.007163986	-0.01635098	0.007443921	-0.001361312	-1.397556904	-0.002442632	-18.46961303	-10.79919786	-13.86796665
825000	41.1275	0.007217379	-0.01645098	0.007495551	-0.000771447	-1.403498207	-0.003148117	-18.47784654	-11.27060547	-13.8771423
830000	41.3775	0.007334623	-0.01655098	0.007423694	-0.002561317	-1.43937795	-0.004055093	-18.48016404	-10.88723526	-13.87300892
835000	41.6275	0.007318022	-0.01665098	0.00754855	3.74E-05	-1.466331091	-0.003261914	-18.48105112	-10.51308771	-13.86910427
840000	41.8775	0.007345153	-0.01675098	0.00762975	-0.001681284	-1.467846637	-0.002429529	-18.48417197	-10.86745914	-13.88396296
845000	42.1275	0.007410928	-0.01685098	0.00763969	-0.002033951	-1.484721032	-0.00355714	-18.48284379	-11.04457922	-13.87275955
850000	42.3775	0.00747567	-0.01695098	0.007695119	-0.000173011	-1.475252508	-0.003272437	-18.4975302	-11.93620532	-13.87340572
855000	42.6275	0.007513613	-0.01705098	0.007746866	-0.002507774	-1.49342139	-0.002124721	-18.50119399	-13.04387839	-13.8846889
860000	42.8775	0.007567825	-0.01715098	0.007784265	-0.000651474	-1.508325969	-0.004520007	-18.50426293	-12.93512916	-13.86837686
865000	43.1275	0.007603343	-0.01725098	0.007822552	-0.001720393	-1.525304387	-0.003056384	-18.50496622	-12.67302554	-13.8831675
870000	43.3775	0.007669207	-0.01735098	0.007887078	-0.00077846	-1.546789055	-0.002945165	-18.51331661	-12.19349502	-13.87781219
875000	43.6275	0.007691749	-0.01745098	0.007919565	-0.001781269	-1.576890186	-0.003770188	-18.51241554	-11.81571725	-13.88222725
880000	43.8775	0.007722666	-0.01755098	0.007994955	-0.000741286	-1.596107764	-0.002556514	-18.51201162	-11.86227764	-13.88094081
885000	44.1275	0.007793902	-0.01765098	0.008002017	-0.002061188	-1.603387607	-0.003647599	-18.52567296	-12.52891079	-13.88303574
890000	44.3775	0.007797656	-0.01775098	0.00812166	-0.001028498	-1.61885127	-0.002581067	-18.51321621	-12.96443254	-13.88117772
895000	44.6275	0.007910456	-0.01785098	0.00807093	-0.001293718	-1.639959248	-0.003276849	-18.534768	-12.75195525	-13.88398447
900000	44.8775	0.007931458	-0.01795098	0.008146653	-0.001247966	-1.663636601	-0.003573999	-18.5244097	-12.35449847	-13.88455226
905000	45.1275	0.007938611	-0.01805098	0.008228978	-0.001228095	-1.683651538	-0.003429158	-18.53287815	-12.62064209	-13.88388847
910000	45.3775	0.008015247	-0.01815098	0.008267425	-0.002166533	-1.697591284	-0.002160263	-18.54037169	-13.08225353	-13.89738219
915000	45.6275	0.008090412	-0.01825098	0.008261416	5.71E-05	-1.717303832	-0.003992543	-18.53292915	-12.63422042	-13.88695892
920000	45.8775	0.008071947	-0.01835098	0.008374205	-0.002485921	-1.742256746	-0.002983889	-18.53865907	-12.72499847	-13.88880115
925000	46.1275	0.008168029	-0.01845098	0.008389394	-0.000812647	-1.762837685	-0.002733459	-18.5542908	-12.34175436	-13.89256688
930000	46.3775	0.008159483	-0.01855098	0.008461018	-0.000635233	-1.781521292	-0.003722494	-18.54296724	-12.45530139	-13.8897433
935000	46.6275	0.0082466	-0.01865098	0.008467344	-0.003010215	-1.799073502	-0.002588721	-18.55614493	-13.05909988	-13.89277359
940000	46.8775	0.008295514	-0.01875098	0.008519962	-0.000177219	-1.817084802	-0.00456597	-18.55361562	-12.86928327	-13.89200097
945000	47.1275	0.008323627	-0.01885098	0.008596792	-0.00105031	-1.83793696	-0.002116236	-18.5559576	-12.86688582	-13.892022
950000	47.3775	0.008349695	-0.01895098	0.008630294	-0.002670922	-1.860090469	-0.00318974	-18.5631489	-12.69321291	-13.90203153
955000	47.6275	0.008435929	-0.01905098	0.008660573	-0.000205472	-1.876227403	-0.003943431	-18.5698677	-12.79713632	-13.89441527
960000	47.8775	0.008449316	-0.01915098	0.008752557	-0.001656709	-1.89711374	-0.001681536	-18.55331721	-12.90636803	-13.89677492
965000	48.1275	0.008498514	-0.01925098	0.008762027	-0.001144432	-1.920429443	-0.004721233	-18.57703273	-12.71248183	-13.89669822
970000	48.3775	0.008561421	-0.01935098	0.008800442	-0.001693279	-1.93932223	-0.002730461	-18.57431022	-12.71573164	-13.90090283
975000	48.6275	0.008570548	-0.01945098	0.008878379	-0.001060831	-1.960291459	-0.003471435	-18.56907153	-12.65907202	-13.8991478
980000	48.8775	0.008655241	-0.01955098	0.008913095	-0.001571868	-1.977357861	-0.003000194	-18.57990428	-12.94177643	-13.90470298
985000	49.1275	0.008678368	-0.01965098	0.008967165	-0.001040459	-1.99733481	-0.002879215	-18.58604952	-13.07600939	-13.90316247
990000	49.3775	0.008726377	-0.01975098	0.008997412	-0.001362434	-2.020148985	-0.003293125	-18.58042344	-12.79889754	-13.89867349
995000	49.6275	0.008780857	-0.01985098	0.009059409	-0.001685474	-2.037920312	-0.002725507	-18.59018482	-12.76833824	-13.91060479
1000000	49.8775	0.008806731	-0.01995098	0.009109185	-0.001073071	-2.059577022	-0.004064391	-18.59878049	-12.78083789	-13.90831219
1000000	49.8775	0.008806731	-0.01995098	0.009109185	-0.001073071	-2.059577022	-0.004064391	-18.59878049	-12.78083789	-13.90831219
1005000	50.1275	0.008828887	-0.01994902	0.00910419	-0.001032064	-2.055762891	-0.002852995	-18.58059216	-12.91729889	-13.90569971
1010000	50.3775	0.008792047	-0.01984902	0.009017041	-0.002080599	-2.039684361	-0.003475306	-18.59523301	-12.77098904	-13.90393373
1015000	50.6275	0.00869578	-0.01974902	0.009048602	-0.000754988	-2.01708394	-0.002711179	-18.58935632	-12.73185956	-13.9106402
1020000	50.8775	0.008705872	-0.01964902	0.00894201	-0.001101708	-1.998832783	-0.003367206	-18.58101762	-12.73452747	-13.89641039
1025000	51.1275	0.008629522	-0.01954902	0.008912417	-0.001811943	-1.976997301	-0.003386749	-18.57042157	-13.05751996	-13.90396025
1030000	51.3775	0.008582287	-0.01944902	0.008878244	-0.001068701	-1.956809816	-0.00251693	-18.57654845	-13.09650219	-13.90499705
1035000	51.6275	0.008564451	-0.01934902	0.008799305	-0.001344876	-1.939717791	-0.003574168	-18.57970896	-12.62652453	-13.89312453
1040000	51.8775	0.0084796	-0.01924902	0.008786114	-0.001354161	-1.91934698	-0.003721221	-18.56690719	-12.73349029	-13.90107747
1045000	52.1275	0.008464745	-0.01914902	0.008730163	-0.001622698	-1.896839231	-0.002051093	-18.56384316	-12.64498997	-13.90089369
1050000	52.3775	0.008427947	-0.01904902	0.008662067	-0.000447516	-1.876733272	-0.003632512	-18.57156706	-12.90113666	-13.89103214
1055000	52.6275	0.008345812	-0.01894902	0.008633938	-0.001810378	-1.85939732	-0.004013522	-18.5557062	-12.92744552	-13.9020043
1060000	52.8775	0.008328176	-0.01884902	0.008585723	-0.001588058	-1.839795235	-0.002337029	-18.55772138	-12.44239924	-13.89626401
1065000	53.1275	0.008293343	-0.01874902	0.008525978	-0.000418676	-1.816782335	-0.002599319	-18.55967982	-12.81151091	-13.88554049
1070000	53.3775	0.008225894	-0.01864902	0.008495828	-0.001963143	-1.797083809	-0.0045904	-18.54423924	-13.05040668	-13.90126176
1075000	53.6275	0.008169653	-0.01854902	0.008447636	-0.00132746	-1.779515767	-0.00286676	-18.54590889	-12.9729189	-13.89006077
1080000	53.8775	0.008151434	-0.01844902	0.008388893	-0.001721995	-1.76046909	-0.002374508	-18.54539954	-12.58932194	-13.89282755
1085000	54.1275	0.00810297	-0.01834902	0.008348535	-0.000301466	-1.74230388	-0.004413573	-18.54542868	-12.34675742	-13.89433674
1090000	54.3775	0.008055483	-0.01824902	0.008309645	-0.001718015	-1.718805376	-0.001723755	-18.53555686	-12.57576708	-13.87908319
1095000	54.6275	0.007971257	-0.01814902	0.008272244	-0.001989853	-1.700514837	-0.003873805	-18.53027452	-12.68240846	-13.88823146
1100000	54.8775	0.007979909	-0.01804902	0.008196019	-0.000879669	-1.680014093	-0.003331592	-18.54098298	-12.88510738	-13.88824322
1105000	55.1275	0.007947744	-0.01794902	0.008131952	-0.001407591	-1.659315719	-0.003024239	-18.52508853	-12.65943292	-13.88477231
1110000	55.3775	0.007848339	-0.01784902	0.008138151	-0.001230338	-1.640985869	-0.003520797	-18.52286622	-12.44807184	-13.88969223
1115000	55.6275	0.007835426	-0.01774902	0.008059225	-0.002083519	-1.619427469	-0.002736967	-18.53070502	-12.63806153	-13.88338371
1120000	55.8775	0.007786663	-0.01764902	0.008031001	-0.000233257	-1.599432466	-0.003310903	-18.51701357	-12.75387076	-13.88208772
1125000	56.1275	0.007739739	-0.01754902	0.007977531	-0.001424911	-1.587607403	-0.002400276	-18.51314783	-12.5814844	-13.8839007
1130000	56.3775	0.007703926	-0.01744902	0.00790162	-0.001401482	-1.573078553	-0.004596274	-18.51924101	-12.07990504	-13.88532371
1135000	56.6275	0.007647341	-0.01734902	0.007877445	-0.000999716	-1.559928896	-0.002488217	-18.50611076	-11.60461854	-13.87608526
1140000	56.8775	0.007573946	-0.01724902	0.007857035	-0.001941404	-1.535702357	-0.003136449	-18.50555191	-11.78245097	-13.88169358
1145000	57.1275	0.007578175	-0.01714902	0.007775312	-0.001104324	-1.511860392	-0.002516736	-18.50977747	-12.06804486	-13.87162449
1150000	57.3775	0.007514952	-0.01704902	0.007727225	-0.001426628	-1.493306438	-0.004193921	-18.49453202	-12.39320651	-13.87953831
1155000	57.6275	0.007487539	-0.01694902	0.007685099	-0.001311376	-1.477135588	-0.002965312	-18.49740839	-12.56095145	-13.87461674
1160000	57.8775	0.007414076	-0.01684902	0.007661377	-0.001203006	-1.460408583	-0.002704683	-18.49406162	-11.92746942	-13.87025239
1165000	58.1275	0.007389419	-0.01674902	0.007553077	-0.000596082	-1.46655474	-0.00437407	-18.48219437	-11.00123445	-13.88307382
1170000	58.3775	0.007327255	-0.01664902	0.007553789	-0.002080335	-1.455658765	-0.001823497	-18.48535953	-10.64725569	-13.86904272
1175000	58.6275	0.007261683	-0.01654902	0.007495057	-0.00114948	-1.455553315	-0.004009707	-18.47159889	-10.31148592	-13.8725513
1180000	58.8775	0.007201933	-0.01644902	0.007466581	-0.001698504	-1.425679103	-0.002724382	-18.46093673	-10.50625153	-13.87000521
1185000	59.1275	0.00721789	-0.01634902	0.007367999	-0.001522354	-1.415132951	-0.003249708	-18.48116102	-10.33573136	-13.87113527
1190000	59.3775	0.007127173	-0.01624902	0.007353416	-0.000796583	-1.408730429	-0.00314699	-18.45542617	-10.08382824	-13.8693857
1195000	59.6275	0.007077317	-0.01614902	0.007304594	-0.001447367	-1.406123281	-0.003381286	-18.45647187	-9.764657336	-13.8676686
1200000	59.8775	0.00704462	-0.01604902	0.007236048	-0.001357217	-1.399477947	-0.003171316	-18.45204027	-9.561123436	-13.8605818
1205000	60.1275	0.007024945	-0.01594902	0.007164593	-0.000717734	-1.373505377	-0.003331167	-18.44024082	-9.650741841	-13.86927655
1210000	60.3775	0.006911881	-0.01584902	0.007168618	-0.002431734	-1.381670917	-0.003518785	-18.43789403	-9.303955894	-13.86524307
1215000	60.6275	0.006875879	-0.01574902	0.007129873	-0.000855277	-1.378674045	-0.001930899	-18.42295527	-9.006903246	-13.86162043
1220000	60.8775	0.006868039	-0.01564902	0.006992201	-0.000932295	-1.370658442	-0.003781787	-18.4273066	-8.901933236	-13.85707043
1225000	61.1275	0.006809923	-0.01554902	0.006995811	-0.00178262	-1.358396039	-0.003601493	-18.42195119	-8.817685092	-13.86409822
1230000	61.3775	0.006744632	-0.01544902	0.006948569	-0.001710392	-1.342627259	-0.002941712	-18.41159912	-8.750418916	-13.85644633
1235000	61.6275	0.006723122	-0.01534902	0.006871217	0.00024211	-1.338577454	-0.003323312	-18.40988222	-8.567552537	-13.85723516
1240000	61.8775	0.006663718	-0.01524902	0.006849303	-0.002455159	-1.333316514	-0.002800878	-18.40255982	-8.390622558	-13.85258527
1245000	62.1275	0.006589703	-0.01514902	0.006802837	-0.001048377	-1.32961807	-0.003964501	-18.38935654	-8.240122808	-13.8512571
1250000	62.3775	0.00657811	-0.01504902	0.006737807	-0.001172267	-1.307470587	-0.002337384	-18.39014176	-8.273708364	-13.85654678
1255000	62.6275	0.006491694	-0.01494902	0.006711382	-0.0022598	-1.311405913	-0.003362543	-18.38000737	-8.009375287	-13.8497081
1260000	62.8775	0.006451498	-0.01484902	0.006652195	-0.00101475	-1.30996978	-0.00312702	-18.37090812	-7.830212276	-13.84903713
1265000	63.1275	0.006441955	-0.01474902	0.006583817	-0.000542858	-1.30224991	-0.00303071	-18.37294736	-7.714162566	-13.84585208
1270000	63.3775	0.006387199	-0.01464902	0.006529544	-0.001610407	-1.281373876	-0.003526601	-18.37331487	-7.737872079	-13.84843277
1275000	63.6275	0.006337654	-0.01454902	0.006472723	-0.001058952	-1.277850092	-0.003331526	-18.3530523	-7.58162641	-13.84185413
1280000	63.8775	0.006280697	-0.01444902	0.006459122	-0.001070115	-1.268653914	-0.003421646	-18.36025683	-7.472719095	-13.84283301
1285000	64.1275	0.006180848	-0.01434902	0.00643699	-0.002421989	-1.270361372	-0.002791501	-18.3349768	-7.28788385	-13.84199317
1290000	64.3775	0.006199631	-0.01424902	0.006333329	-0.000772243	-1.249348994	-0.002749477	-18.33388032	-7.315292105	-13.83981419
1295000	64.6275	0.006127974	-0.01414902	0.006316211	-0.001146406	-1.25068407	-0.002589328	-18.33305196	-7.112197612	-13.83180836
1300000	64.8775	0.006111038	-0.01404902	0.006217743	-0.001176324	-1.243930652	-0.004960867	-18.32990397	-7.018493109	-13.84417495
1305000	65.1275	0.006042513	-0.01394902	0.00618846	-0.001722825	-1.243586367	-0.002593882	-18.31335598	-6.854868266	-13.83966188
1310000	65.3775	0.006019564	-0.01384902	0.006134973	6.90E-05	-1.228711156	-0.003327427	-18.3169797	-6.803439729	-13.82867332
1315000	65.6275	0.005915173	-0.01374902	0.006133156	-0.003182331	-1.208578448	-0.002990932	-18.30016686	-6.834431311	-13.83362797
1320000	65.8775	0.005882007	-0.01364902	0.006071716	-0.000291143	-1.212342645	-0.002995435	-18.29164633	-6.637546367	-13.8290176
1325000	66.1275	0.005823486	-0.01354902	0.006023305	-0.00305008	-1.2097416	-0.002585506	-18.28907148	-6.509259286	-13.83495777
1330000	66.3775	0.005859681	-0.01344902	0.00590129	0.000453123	-1.201651492	-0.004904188	-18.28898397	-6.418599233	-13.82696777
1335000	66.6275	0.005730199	-0.01334902	0.005952542	-0.00188382	-1.17945844	-0.000927077	-18.27960595	-6.427036648	-13.83049015
1340000	66.8775	0.005718633	-0.01324902	0.005836136	-0.001266612	-1.186035466	-0.004327867	-18.27436855	-6.250898138	-13.82702291
1345000	67.1275	0.005690404	-0.01314902	0.005779336	-0.000864665	-1.176884572	-0.004553684	-18.27069668	-6.173608044	-13.82628228
1350000	67.3775	0.005591491	-0.01304902	0.005794657	-0.001614424	-1.172496461	-0.000519222	-18.2523985	-6.050159778	-13.82791099
1355000	67.6275	0.005549162	-0.01294902	0.005715574	-0.001744808	-1.15830184	-0.005079762	-18.25705647	-6.026956003	-13.82446869
1360000	67.8775	0.005518474	-0.01284902	0.005669372	-0.001536609	-1.155586233	-0.00244262	-18.23853132	-5.900709148	-13.81603707
1365000	68.1275	0.0054897	-0.01274902	0.005606983	-0.000179824	-1.141548124	-0.003188702	-18.23666426	-5.862456198	-13.8188246
1370000	68.3775	0.005431971	-0.01264902	0.005560526	-0.002301529	-1.1391018	-0.003504841	-18.24372626	-5.747732277	-13.81667107
1375000	68.6275	0.005393154	-0.01254902	0.005507106	-0.000896204	-1.131121973	-0.00333453	-18.22927247	-5.667219923	-13.81491622
1380000	68.8775	0.005315768	-0.01244902	0.005490477	-0.000435025	-1.122647959	-0.00261389	-18.20431664	-5.58709342	-13.82232219
1385000	69.1275	0.005313275	-0.01234902	0.005395739	-0.002716811	-1.119670993	-0.003008628	-18.2249799	-5.480013049	-13.81069124
1390000	69.3775	0.005203193	-0.01224902	0.005403162	-0.001343733	-1.112987848	-0.003776792	-18.20026204	-5.403500905	-13.81167429
1395000	69.6275	0.005232755	-0.01214902	0.00527755	-0.000978048	-1.102430903	-0.003030881	-18.19907349	-5.344305095	-13.81630471
1400000	69.8775	0.005176575	-0.01204902	0.005265072	-0.000781666	-1.08894988	-0.00315545	-18.19963849	-5.294029453	-13.80587466
1405000	70.1275	0.005042263	-0.01194902	0.0052945	-0.001242489	-1.091468498	-0.002817459	-18.18463159	-5.159000813	-13.80574211
1410000	70.3775	0.005050355	-0.01184902	0.005170386	-0.002223257	-1.081583746	-0.002729295	-18.17085299	-5.103962846	-13.80700933
1415000	70.6275	0.005054526	-0.01174902	0.005083479	-0.000619515	-1.076802473	-0.004982542	-18.17126196	-5.014105079	-13.80249735
1420000	70.8775	0.004947361	-0.01164902	0.005099757	-0.002229756	-1.061308485	-0.002278123	-18.17370498	-4.990162308	-13.81403018
1425000	71.1275	0.004907526	-0.01154902	0.005045879	-0.000386428	-1.066416847	-0.003281932	-18.15804361	-4.827789974	-13.79813933
1430000	71.3775	0.004875491	-0.01144902	0.004983238	-0.00211606	-1.055037273	-0.002970233	-18.14931527	-4.787050351	-13.80557531
1435000	71.6275	0.004840212	-0.01134902	0.004924249	-0.000876115	-1.043322433	-0.003071847	-18.1550013	-4.741380862	-13.79877429
1440000	71.8775	0.00479459	-0.01124902	0.004887915	6.01E-05	-1.034716132	-0.003775576	-18.14470661	-4.673445513	-13.80144047
1445000	72.1275	0.004685182	-0.01114902	0.004880018	-0.003479555	-1.031569872	-0.002382799	-18.12210435	-4.582673551	-13.79450612
1450000	72.3775	0.004694975	-0.01104902	0.004779701	-0.0008996	-1.025782329	-0.00343667	-18.12764279	-4.502133626	-13.79575957
1455000	72.6275	0.00466578	-0.01094902	0.004740894	-0.000423927	-1.014099139	-0.003354471	-18.12332731	-4.450862553	-13.79175903
1460000	72.8775	0.004565353	-0.01084902	0.004723437	-0.002085475	-1.010997908	-0.002458131	-18.11086572	-4.363490249	-13.79770399
1465000	73.1275	0.004597752	-0.01074902	0.00459314	-0.0003814	-1.003805535	-0.004591665	-18.11078838	-4.293843945	-13.80331122
1470000	73.3775	0.004498419	-0.01064902	0.004623827	-0.00196353	-1.001124194	-0.002145295	-18.09473092	-4.187747065	-13.78450705
1475000	73.6275	0.004413025	-0.01054902	0.004595504	-0.001888159	-0.983963845	-0.003161373	-18.09822178	-4.190766929	-13.78781193
1480000	73.8775	0.004463899	-0.01044902	0.004455435	-0.000275134	-0.981767555	-0.003705567	-18.08862964	-4.088460762	-13.78818467
1485000	74.1275	0.004366965	-0.01034902	0.004473847	-0.001252992	-0.972732635	-0.002258968	-18.0733265	-4.027314059	-13.78828074
1490000	74.3775	0.004277617	-0.01024902	0.004440999	-0.002281548	-0.971015	-0.003856496	-18.07474501	-3.941356357	-13.78052577
1495000	74.6275	0.004311864	-0.01014902	0.00433475	-0.000830325	-0.961191965	-0.003848712	-18.06183053	-3.880126218	-13.79088328
1500000	74.8775	0.004246572	-0.01004902	0.004300204	-0.001644885	-0.950696237	-0.002420567	-18.06325577	-3.837657409	-13.77833658
1505000	75.1275	0.004158399	-0.00994902	0.004296338	-0.001103064	-0.949148901	-0.00341003	-18.0611712	-3.737239297	-13.79104271
1510000	75.3775	0.004175485	-0.00984902	0.004202702	-0.001071591	-0.939757493	-0.003615146	-18.03959566	-3.681822269	-13.77877242
1515000	75.6275	0.004069913	-0.00974902	0.004191578	-0.001595054	-0.935074407	-0.00224875	-18.03687179	-3.612413943	-13.77989676
1520000	75.8775	0.004031053	-0.00964902	0.004144254	-0.001191106	-0.92074833	-0.003691143	-18.03681526	-3.583155701	-13.78262476
1525000	76.1275	0.00401869	-0.00954902	0.004085581	-0.001592376	-0.917232438	-0.002353647	-18.02574793	-3.495331553	-13.77038728
1530000	76.3775	0.003964842	-0.00944902	0.004024467	-0.000265227	-0.91075908	-0.004781588	-18.01017889	-3.435252593	-13.77434256
1535000	76.6275	0.003896256	-0.00934902	0.003992114	-0.002476915	-0.908730278	-0.002501777	-18.02086615	-3.343155766	-13.77496205
1540000	76.8775	0.003870836	-0.00924902	0.003948786	-0.001408313	-0.894731799	-0.002966968	-17.99785211	-3.314763461	-13.77393788
1545000	77.1275	0.003811729	-0.00914902	0.003897461	-0.000755963	-0.891134556	-0.00321847	-17.99879673	-3.238452828	-13.77228664
1550000	77.3775	0.003770515	-0.00904902	0.003863634	-0.001875503	-0.887191465	-0.002950931	-17.99774116	-3.152991386	-13.77217426
1555000	77.6275	0.003752198	-0.00894902	0.003779795	-0.000228618	-0.87706301	-0.003643238	-17.98461431	-3.112524466	-13.76925526
1560000	77.8775	0.003669606	-0.00884902	0.003770346	-0.001951443	-0.86589893	-0.002552766	-17.97099102	-3.072346895	-13.75978625
1565000	78.1275	0.003645628	-0.00874902	0.003711088	-0.000922845	-0.858765253	-0.003403782	-17.97688298	-3.010820663	-13.76838388
1570000	78.3775	0.003574856	-0.00864902	0.003677571	-0.002088962	-0.859364805	-0.003585308	-17.96223016	-2.913611782	-13.77028958
1575000	78.6275	0.003532109	-0.00854902	0.003629821	-0.001315199	-0.849446889	-0.002535712	-17.95141763	-2.866917575	-13.75505043
1580000	78.8775	0.003548852	-0.00844902	0.003524985	-0.00095296	-0.844873423	-0.004529116	-17.96419984	-2.795158476	-13.75935038
1585000	79.1275	0.003431433	-0.00834902	0.003553804	-0.00137505	-0.834185749	-0.001575712	-17.93738051	-2.750376186	-13.76919445
1590000	79.3775	0.00341674	-0.00824902	0.00347742	-0.00099263	-0.833029509	-0.003501098	-17.93119924	-2.661633253	-13.75617189
1595000	79.6275	0.003378604	-0.00814902	0.003421965	-0.001556151	-0.82124549	-0.00361254	-17.93969974	-2.633712437	-13.7545088
1600000	79.8775	0.003287244	-0.00804902	0.003409173	-0.00154907	-0.813312099	-0.002655416	-17.91800299	-2.582658123	-13.7640428
1605000	80.1275	0.003293696	-0.00794902	0.003331724	-0.000975318	-0.802862039	-0.004040979	-17.9265451	-2.531618938	-13.74675481
1610000	80.3775	0.003285933	-0.00784902	0.003243581	-0.000992748	-0.801935186	-0.003018011	-17.90478081	-2.444554202	-13.75723529
1615000	80.6275	0.003117349	-0.00774902	0.003314887	-0.002493935	-0.797420454	-0.002388327	-17.89954338	-2.379230508	-13.75637484
1620000	80.8775	0.003196197	-0.00764902	0.003153697	-0.000451923	-0.788403621	-0.003792603	-17.90237763	-2.329030714	-13.75322715
1625000	81.1275	0.003095765	-0.00754902	0.003144369	-0.001956317	-0.78073418	-0.003416244	-17.89107681	-2.283023175	-13.75032547
1630000	81.3775	0.003063995	-0.00744902	0.003108267	-0.000569753	-0.77432154	-0.002740915	-17.88970855	-2.214960623	-13.74169524
1635000	81.6275	0.003009661	-0.00734902	0.003073828	-0.00159756	-0.770022655	-0.003343513	-17.87488324	-2.145896113	-13.75284938
1640000	81.8775	0.002968244	-0.00724902	0.003001215	-0.000688619	-0.759235535	-0.00333151	-17.85933392	-2.115402194	-13.75220659
1645000	82.1275	0.00289881	-0.00714902	0.002997327	-0.00205972	-0.751336117	-0.001900058	-17.86753533	-2.059347188	-13.73311056
1650000	82.3775	0.00290434	-0.00704902	0.002906882	-0.000829502	-0.745003731	-0.004375148	-17.86416238	-2.001177185	-13.74318227
1655000	82.6275	0.002818637	-0.00694902	0.002876946	-0.001713113	-0.74454563	-0.003449664	-17.84101152	-1.919820128	-13.74764984
1660000	82.8775	0.002788255	-0.00684902	0.002832818	-0.001087055	-0.734442846	-0.00229947	-17.84180299	-1.873031012	-13.73896285
1665000	83.1275	0.002760727	-0.00674902	0.00276761	-0.001412032	-0.729590943	-0.003772792	-17.84435031	-1.815493737	-13.74027494
1670000	83.3775	0.002665566	-0.00664902	0.002773921	-0.001708609	-0.719470706	-0.003111323	-17.82135598	-1.77227634	-13.74455514
1675000	83.6275	0.002695112	-0.00654902	0.002655603	-0.001158154	-0.717488741	-0.003046712	-17.82946755	-1.695926259	-13.72834182
1680000	83.8775	0.002610111	-0.00644902	0.002645048	-0.000629005	-0.705474569	-0.00374512	-17.81936291	-1.665653093	-13.72682021
1685000	84.1275	0.002534328	-0.00634902	0.002639991	-0.00220294	-0.69939561	-0.002687804	-17.8011111	-1.610600263	-13.73858339
1690000	84.3775	0.002510334	-0.00624902	0.002564778	-0.001129305	-0.695496101	-0.003018294	-17.79600501	-1.540702939	-13.73883612
1695000	84.6275	0.002505541	-0.00614902	0.002485821	-0.001077895	-0.687952405	-0.003024098	-17.79710518	-1.490626398	-13.72515684
1700000	84.8775	0.002434508	-0.00604902	0.002469052	-0.001564714	-0.68416036	-0.003432888	-17.79874826	-1.42470796	-13.72386115
1705000	85.1275	0.002395536	-0.00594902	0.002411312	-0.000341541	-0.672899079	-0.003822713	-17.77374795	-1.391626797	-13.73984716
1710000	85.3775	0.002323514	-0.00584902	0.002392458	-0.002339656	-0.669291235	-0.002850635	-17.76869781	-1.32608398	-13.72714353
1715000	85.6275	0.002309031	-0.00574902	0.002327841	-0.001368413	-0.661892323	-0.003212565	-17.77367202	-1.273080956	-13.71923755
1720000	85.8775	0.002198373	-0.00564902	0.002344962	-0.001376883	-0.65815292	-0.002232549	-17.75155598	-1.210208387	-13.7351103
1725000	86.1275	0.002243182	-0.00554902	0.002207351	-0.001207973	-0.645557034	-0.003944984	-17.76192898	-1.185284609	-13.72005747
1730000	86.3775	0.002191709	-0.00544902	0.002179469	-0.000142768	-0.640887721	-0.003613568	-17.74073407	-1.11934749	-13.72207109
1735000	86.6275	0.002088621	-0.00534902	0.002184246	-0.002194992	-0.637955164	-0.002048813	-17.74080935	-1.054799517	-13.71871223
1740000	86.8775	0.002078893	-0.00524902	0.002099109	-0.001771018	-0.629867908	-0.004143492	-17.72936609	-1.014580882	-13.72234681
1745000	87.1275	0.002043566	-0.00514902	0.002057181	-0.000759898	-0.622991795	-0.00270471	-17.72807186	-0.955163407	-13.72771622
1750000	87.3775	0.001959124	-0.00504902	0.002048179	-0.001147468	-0.616010799	-0.003028833	-17.71600444	-0.909835791	-13.71413533
1755000	87.6275	0.001956222	-0.00494902	0.001964072	-0.002004594	-0.611303667	-0.003512894	-17.72237738	-0.848296349	-13.71227081
1760000	87.8775	0.001888754	-0.00484902	0.001928529	-0.000714347	-0.604032664	-0.003531727	-17.70073645	-0.804522596	-13.71954373
1765000	88.1275	0.001872701	-0.00474902	0.001872085	-0.001342066	-0.596065339	-0.003172112	-17.69648291	-0.75941705	-13.7124757
1770000	88.3775	0.001766959	-0.00464902	0.001892701	-0.001805023	-0.589021809	-0.002221481	-17.68758032	-0.706648583	-13.70707791
1775000	88.6275	0.001783088	-0.00454902	0.001774742	-0.001319436	-0.586920164	-0.003910441	-17.68957025	-0.641899426	-13.71464214
1780000	88.8775	0.001721082	-0.00444902	0.001766987	-0.000929135	-0.575829478	-0.002274933	-17.67769493	-0.605640738	-13.71154671
1785000	89.1275	0.001708434	-0.00434902	0.001664949	-0.000853863	-0.574304719	-0.00437479	-17.67088359	-0.538741335	-13.70522295
1790000	89.3775	0.001628678	-0.00424902	0.001664971	-0.001925484	-0.56757915	-0.002990546	-17.67090058	-0.493627158	-13.71328617
1795000	89.6275	0.001555657	-0.00414902	0.00165935	-0.001679344	-0.557074366	-0.002794969	-17.65377427	-0.455741343	-13.71289893
1800000	89.8775	0.001567854	-0.00404902	0.001556415	-0.00052029	-0.554123737	-0.003480914	-17.65047113	-0.392695805	-13.6938923
1805000	90.1275	0.001500515	-0.00394902	0.00153087	-0.001654076	-0.544481082	-0.003081691	-17.64236242	-0.360683594	-13.70640773
1810000	90.3775	0.001416303	-0.00384902	0.001537123	-0.001429659	-0.539946984	-0.002704229	-17.62709111	-0.297265933	-13.70127821
1815000	90.6275	0.001431471	-0.00374902	0.001413458	-0.001239028	-0.53590022	-0.003752516	-17.62803078	-0.24722375	-13.70451567
1820000	90.8775	0.001403692	-0.00364902	0.001364293	-0.001992019	-0.531604505	-0.002846757	-17.6227076	-0.186583703	-13.70100722
1825000	91.1275	0.001271712	-0.00354902	0.001417623	3.74E-05	-0.520469379	-0.003633178	-17.62175301	-0.156196178	-13.70034781
1830000	91.3775	0.001313383	-0.00344902	0.001281152	-0.002315633	-0.515598924	-0.002781757	-17.61442074	-0.10462464	-13.69643276
1835000	91.6275	0.001250749	-0.00334902	0.001250869	-0.000620983	-0.510061134	-0.003725218	-17.5943081	-0.052475849	-13.70028423
1840000	91.8775	0.001097893	-0.00324902	0.001308385	-0.002564027	-0.508114407	-0.003077076	-17.57815831	0.006225217	-13.69455223
1845000	92.1275	0.001164849	-0.00314902	0.001163312	-0.001398332	-0.49810286	-0.002951806	-17.60631372	0.039701506	-13.68890458
1850000	92.3775	0.001155819	-0.00304902	0.001095175	0.000401174	-0.488608035	-0.003910149	-17.58155671	0.07847131	-13.69511145
1855000	92.6275	0.000992139	-0.00294902	0.00116492	-0.003079002	-0.486881396	-0.002233738	-17.55517429	0.141649876	-13.6813103
1860000	92.8775	0.001063671	-0.00284902	0.001006454	-0.000116777	-0.484678746	-0.003573366	-17.57736449	0.202581769	-13.68829227
1865000	93.1275	0.000923608	-0.00274902	0.001058727	-0.001068861	-0.475533252	-0.002586766	-17.56454902	0.237049052	-13.69671315
1870000	93.3775	0.00094668	-0.00264902	0.000941463	-0.002163397	-0.469499289	-0.002763215	-17.54812451	0.275548067	-13.68914128
1875000	93.6275	0.000863603	-0.00254902	0.00094854	-0.0001656	-0.46665874	-0.004087948	-17.548129	0.341418716	-13.67624887
1880000	93.8775	0.000846782	-0.00244902	0.000867553	-0.001888076	-0.457966927	-0.002919659	-17.54485925	0.373874925	-13.69573157
1885000	94.1275	0.000742401	-0.00234902	0.000869095	-0.001935174	-0.456048906	-0.002951974	-17.51928788	0.429945962	-13.68242632
1890000	94.3775	0.000769594	-0.00224902	0.000778929	-0.001306615	-0.445274888	-0.004096044	-17.52879096	0.457492779	-13.67160563
1895000	94.6275	0.000697319	-0.00214902	0.000762217	-0.000728193	-0.445678929	-0.002306849	-17.5171873	0.52900572	-13.68773446
1900000	94.8775	0.000640263	-0.00204902	0.000712085	-0.001971356	-0.4428461	-0.004069545	-17.50637382	0.579427919	-13.68042932
1905000	95.1275	0.000601929	-0.00194902	0.000686365	-0.001471066	-0.433958036	-0.002912622	-17.50846922	0.616751497	-13.67084569
1910000	95.3775	0.000574209	-0.00184902	0.00061779	-0.000217558	-0.42866985	-0.003270808	-17.50279802	0.661020523	-13.68286649
1915000	95.6275	0.000463111	-0.00174902	0.000636935	-0.002531442	-0.425890009	-0.002919092	-17.4687603	0.709085942	-13.68186479
1920000	95.8775	0.000489201	-0.00164902	0.00054309	-0.000862129	-0.42217692	-0.002546735	-17.477514	0.764649125	-13.6663601
1925000	96.1275	0.000380153	-0.00154902	0.000540448	-0.000689498	-0.415908693	-0.004000844	-17.4744186	0.800971537	-13.6711922
1930000	96.3775	0.000362081	-0.00144902	0.000488741	-0.001614867	-0.409578763	-0.002712423	-17.46101012	0.84025444	-13.67684166
1935000	96.6275	0.000355084	-0.00134902	0.0004002	-0.001046058	-0.406281508	-0.003467508	-17.45996145	0.891676678	-13.66738505
1940000	96.8775	0.00024009	-0.00124902	0.000429072	-0.001482265	-0.406741516	-0.002772588	-17.44348537	0.956897413	-13.66892569
1945000	97.1275	0.000235572	-0.00114902	0.000357091	-0.001849617	-0.397605163	-0.002754421	-17.4475228	0.981487408	-13.67337394
1950000	97.3775	0.000223988	-0.00104902	0.00026424	-0.000356817	-0.391846441	-0.004597516	-17.44803096	1.021276033	-13.66649353
1955000	97.6275	7.26E-05	-0.00094902	0.000325728	-0.002443926	-0.391260024	-0.002083338	-17.42556037	1.078874081	-13.6573599
1960000	97.8775	9.44E-05	-0.00084902	0.000229961	-0.000953498	-0.387620667	-0.003708092	-17.41439947	1.127648497	-13.67976761
1965000	98.1275	1.20E-05	-0.00074902	0.000221797	-0.001373446	-0.382716259	-0.002947152	-17.4060793	1.169776398	-13.66258491
1970000	98.3775	1.64E-05	-0.00064902	0.000127431	-0.000837684	-0.375508293	-0.003685266	-17.42114528	1.200818789	-13.65890679
1975000	98.6275	-6.83E-05	-0.00054902	0.000126497	-0.002272387	-0.375371922	-0.002905868	-17.39169865	1.259466343	-13.66193963
1980000	98.8775	-6.31E-05	-0.00044902	4.23E-05	-0.00027634	-0.368998183	-0.003303185	-17.39576931	1.299315032	-13.66512671
1985000	99.1275	-0.000157588	-0.00034902	4.89E-05	-0.00139171	-0.370452764	-0.003059232	-17.38172202	1.36115415	-13.65582092
1990000	99.3775	-0.000247279	-0.00024902	3.31E-05	-0.002431448	-0.361965053	-0.003226342	-17.37954821	1.3860203	-13.65897069
1995000	99.6275	-0.000213535	-0.00014902	-7.41E-05	-0.000526945	-0.360902534	-0.002609551	-17.36690349	1.441512303	-13.65929184
2000000	99.8775	-0.000301153	-4.90E-05	-6.78E-05	-0.00109579	-0.35376246	-0.003845437	-17.36501177	1.476349728	-13.65078051
2000000	99.8775	-0.000301153	-4.90E-05	-6.78E-05	-0.00109579	-0.35376246	-0.003845437	-17.36501177	1.476349728	-13.65078051
2005000	100.1275	-0.000331091	0	-9.04E-05	-0.001833019	-0.355645258	-0.003159038	-17.3412371	1.507349641	-13.65753291
2010000	100.3775	-0.000391301	0	-3.80E-05	-0.001311647	-0.354602906	-0.002609617	-17.34079268	1.502600347	-13.65996673
2015000	100.6275	-0.000206707	0	-0.00019145	-0.000369244	-0.349837296	-0.003821345	-17.38451413	1.491258981	-13.64573971
2020000	100.8775	-0.000394066	0	-2.93E-05	-0.002186558	-0.354247232	-0.002214064	-17.34002875	1.503918611	-13.64585918
2025000	101.1275	-0.000267588	0	-0.000158416	-0.001032052	-0.357140866	-0.004126844	-17.37322564	1.51527684	-13.66034967
2030000	101.3775	-0.000334063	0	-7.91E-05	-0.001564464	-0.354314663	-0.003304527	-17.34829745	1.50445904	-13.65941947
2035000	101.6275	-0.00034582	0	-7.14E-05	-0.001283533	-0.352198863	-0.002306405	-17.34739323	1.493577087	-13.6499659
2040000	101.8775	-0.000268931	0	-0.000146925	-0.000883324	-0.354645775	-0.004122699	-17.36873966	1.509301469	-13.65511457
2045000	102.1275	-0.000344109	0	-7.26E-05	-0.00186052	-0.352651846	-0.002549024	-17.34249737	1.498871145	-13.64983696
2050000	102.3775	-0.000355278	0	-7.31E-05	-0.0015054	-0.35574001	-0.002903836	-17.3594876	1.504162574	-13.66053307
2055000	102.6275	-0.000276213	0	-0.000135042	-0.000934441	-0.351333978	-0.004347358	-17.36017811	1.4962216	-13.66028995
2060000	102.8775	-0.000295638	0	-0.000133769	-0.001590827	-0.355742616	-0.002431913	-17.34845975	1.509048225	-13.65061518
2065000	103.1275	-0.000350917	0	-5.70E-05	-0.001243893	-0.352505728	-0.003576802	-17.35685848	1.497524559	-13.65446011
2070000	103.3775	-0.000292628	0	-0.000113872	-0.001128908	-0.353642703	-0.003261003	-17.36884588	1.504449817	-13.6567789
2075000	103.6275	-0.000310508	0	-0.000115497	-0.000788787	-0.355599797	-0.002680157	-17.34820327	1.509389977	-13.65868355
2080000	103.8775	-0.000377839	0	-5.09E-05	-0.002654344	-0.354192403	-0.003213231	-17.35434483	1.498587	-13.6531118
2085000	104.1275	-0.00025066	0	-0.000139721	2.19E-05	-0.352357028	-0.003377694	-17.37248328	1.50472746	-13.65403546
2090000	104.3775	-0.000387625	0	-5.01E-05	-0.00215675	-0.355012912	-0.003156475	-17.32881583	1.499971884	-13.65798996
2095000	104.6275	-0.000278702	0	-0.000139445	-0.001228985	-0.353869266	-0.003070192	-17.36223111	1.503189566	-13.65700079
2100000	104.8775	-0.000291131	0	-0.000112518	-0.000594931	-0.351957709	-0.003474364	-17.35896487	1.498817556	-13.65153887
