TimeStep simtime s1 s2 s3 p1 p2 p3 Px Py Pz
0 0.0 0.0 0.0 0.0 0.0 0.0 0.0 -1.17451144845775 27.081987064347 -0.0676298699848329
# Fix print output for fix pout0
0 0 0 0 0 0 0 0 0 0 0
5000 0.1275 4.61162792568248e-05 -5.09799999999968e-05 -8.93978788157837e-05 0.010201791411045 -0.0612101634237394 0.00551192096812644 -1.10231288327243 27.3110633589996 0.0101405618521558
10000 0.3775 0.000418264611438414 -0.000150980000000001 -0.000383931125644847 0.0100689061891171 -0.0575290737840525 0.00344699259895968 -1.32143532891611 27.2399599227161 0.00828090409407123
15000 0.6275 0.000576808959755073 -0.000250979999999999 -0.000440741347552148 0.0101396332019694 -0.0311065909021681 0.00652244885766578 -1.45000964599043 27.0584647861116 -0.0241342890119403
20000 0.8775 0.000885436553527603 -0.000350980000000002 -0.000603080596254609 0.0119569991361309 -0.00829942342244574 0.00522207512989503 -1.64907367722576 26.9267354531963 -0.047996736845609
25000 1.1275 0.000956005111188103 -0.000450979999999994 -0.000605972660312301 0.00994164269507337 0.000447529697514275 0.00590579336427993 -1.69946642935596 26.8388874962759 0.0313893243017252
30000 1.3775 0.00102070108700269 -0.000550980000000004 -0.0006323883782563 0.011223312397014 -0.0253262316954548 0.00354113668588296 -1.69330767012895 26.8370233403094 0.0336539396516945
35000 1.6275 0.000890139084543363 -0.000650980000000002 -0.000356544234179646 0.00974317856909329 -0.0298536136521046 0.00575312535515273 -1.61900944475509 26.8317563462733 -0.00218717568678715
40000 1.8775 0.000615909837879551 -0.000750979999999994 3.90452872036481e-05 0.0102821636169113 -0.0426827157261378 0.00582171632993829 -1.45463641534187 26.8223324724983 0.0237430189455067
45000 2.1275 0.000955693172380725 -0.000850979999999991 -0.00028271192556418 0.0121012949929803 -0.077381488760601 0.00386715475868173 -1.60344853561146 26.8561482143089 -0.0183545864128982
50000 2.3775 0.000516497899880215 -0.000950979999999989 0.000222541707833672 0.00681837829624345 -0.0880247915737261 0.00652841864003504 -1.33808545347107 26.8522421412217 -0.0613948534957059
55000 2.6275 0.00130428783625464 -0.00105098 -0.000437618045739194 0.0127543713929151 -0.0628852909321575 0.00161408815341879 -1.81892407687527 26.682163070496 -0.000427145600093981
60000 2.8775 0.00107793714049967 -0.00115098 -0.000110938889272118 0.00841110629379033 -0.0402663020215971 0.00838580411533037 -1.72230348083717 26.5245203947493 0.0387614705070141
65000 3.1275 0.00159788525231093 -0.00125097999999999 -0.000515353702141925 0.012244486884528 -0.0237075165612709 0.00310482156206459 -2.02053020404235 26.4182174415509 0.000845708406162788
70000 3.3775 0.0014184479457518 -0.00135097999999999 -0.000286642633933324 0.00921895411951643 -0.0465688007792015 0.00595632309064507 -1.90707069685392 26.409060231253 0.0152623042133981
75000 3.6275 0.00147417597801995 -0.00145098 -0.000248323907953703 0.0110691148545058 -0.058599387297818 0.00406291023405518 -1.90603916539896 26.3971915970496 0.000109450287228878
80000 3.8775 0.00138394287002925 -0.00155098 -1.4768841479549e-05 0.0107379555745329 -0.0682008590137034 0.0057092704138864 -1.86021563818215 26.3972924564049 -0.0581743506165445
85000 4.1275 0.00120480492672135 -0.00165097999999999 0.000222203649919452 0.0105277612805735 -0.0998577420276144 0.00657169789844964 -1.72671716157683 26.432148350098 -0.0146521114801232
90000 4.3775 0.00139243634364746 -0.00175097999999999 9.13441370669637e-05 0.0108151790919142 -0.110842330991493 0.00381956618777214 -1.79964386572707 26.4084109461349 0.0279237018928814
95000 4.6275 0.00144935924947833 -0.00185097999999999 0.000117259647412699 0.0089619798592048 -0.105294457579575 0.00547066976563738 -1.85703308371987 26.3235197067715 0.0198404865659698
100000 4.8775 0.00177036277523473 -0.00195098 -7.82255819729788e-05 0.0117697364971263 -0.077963511208864 0.00431620537650472 -2.05963816625593 26.1384158416627 -0.002553357377039
105000 5.1275 0.00183000792727571 -0.00205098 -1.83836493103332e-05 0.00954743659206714 -0.0523236449352545 0.00632463367308347 -2.12242285941132 25.9728805084126 0.0151380428870467
110000 5.3775 0.00208331955854206 -0.00215098 -0.000210885623996981 0.0110733562318076 -0.0621966653221878 0.0041669549857723 -2.25814455328756 25.9456792787397 -0.043877178284639
115000 5.6275 0.00189242005614443 -0.00225097999999999 5.33634175146677e-05 0.00980404749215031 -0.0873650790611684 0.00495151160555738 -2.11661503037779 25.9583106871694 -0.0250178981766073
120000 5.8775 0.00188676200929434 -0.00235097999999998 0.000151013300355509 0.0107672707850108 -0.105568458327056 0.00419478388021611 -2.08770754034073 25.9820072274649 0.0230464663339243
125000 6.1275 0.00186561624118757 -0.00245098 0.000283658294074775 0.00979623217201009 -0.122341366811819 0.00636320755020898 -2.0814018331943 25.9839425400564 0.0293802233958372
130000 6.3775 0.00183514524461457 -0.00255097999999999 0.000399544260942407 0.0122040179926819 -0.136646491946227 0.00469925636072323 -2.02259847692776 25.9667765671858 -0.0145023587754474
135000 6.6275 0.00185955733954605 -0.00265098 0.000453380344328213 0.00828683292312223 -0.135252233930053 0.0063227622771221 -2.05163996725043 25.8873061676842 0.0122826443164204
140000 6.8775 0.0022656857878917 -0.00275097999999999 0.000132848918061156 0.0120185854010926 -0.121088326047738 0.00307357218413743 -2.29182066870212 25.759754809571 -0.0221715187111703
145000 7.1275 0.00222274447358481 -0.00285097999999999 0.000287374961245682 0.0098085865811759 -0.101621005322155 0.00615632986270745 -2.28421932960324 25.5967574711537 -0.0272106080824733
150000 7.3775 0.00246978844274449 -0.00295098 0.000169123614089978 0.0099080723331142 -0.0851745036952413 0.00560272487261418 -2.4500987674307 25.4620245497117 0.0206623754031451
155000 7.6275 0.00256620404420655 -0.00305097999999999 0.000124792704227685 0.0121926808558293 -0.105215851999616 0.00385671697766093 -2.47621009991162 25.4755270905896 0.0513317195226054
160000 7.8775 0.00229176303244691 -0.00315097999999998 0.00046660052147872 0.0085288306028836 -0.137472853576339 0.00616104415543282 -2.28837936504025 25.5222975150931 -0.0141343351074278
165000 8.1275 0.00241274745223234 -0.00325097999999998 0.000427646499258389 0.0111898416710835 -0.162400889571431 0.00341454829929177 -2.33316791873729 25.5565928152321 0.00180425365443454
170000 8.3775 0.0023367436323385 -0.00335097999999999 0.000602599121976929 0.00984427091072333 -0.178718715583138 0.00611253475749415 -2.27893837640244 25.552459668277 -0.0182702841889619
175000 8.6275 0.00242348228970093 -0.00345098 0.000644606071561038 0.0113087209045823 -0.1672534266383 0.0048577579978472 -2.32627693757126 25.4256458562306 -0.0324865534417643
180000 8.8775 0.0025081657367278 -0.00355097999999999 0.000655224963275711 0.00965762986149153 -0.15376476242956 0.00629601553540388 -2.40528077786341 25.3121440421688 0.0144062091900997
185000 9.1275 0.00285664855490117 -0.00365097999999998 0.000380282854908075 0.0116682974493256 -0.145913551733448 0.00383712902976426 -2.59303782277177 25.185325966191 0.0435324469022032
190000 9.3775 0.00280626275893778 -0.00375097999999998 0.00052313970476214 0.00889915875350527 -0.13760081610857 0.00561699693959612 -2.57806286788616 25.0625362373857 0.0110481719763555
195000 9.6275 0.0030171403677179 -0.00385097999999999 0.000411483350057583 0.011385903476938 -0.140654348771846 0.00428523603728522 -2.6983252741378 25.0046305569312 -0.0213001305300334
200000 9.8775 0.00295902213988709 -0.00395097999999999 0.000539111462066197 0.0101885503483162 -0.166396984678287 0.00578645611654736 -2.63842018845855 25.03190324201 -0.018661052147369
205000 10.1275 0.00286869702929991 -0.00405097999999998 0.000724871134099459 0.010274541620952 -0.189285655578035 0.00456005926220871 -2.56231245265853 25.0527745157293 -0.026053352226022
210000 10.3775 0.00287164697588035 -0.00415097999999998 0.000801125795805084 0.0106342693550736 -0.215747331292846 0.00497297549670718 -2.54104478089281 25.0989812248329 0.00568533625122593
215000 10.6275 0.00287339010737989 -0.00425097999999998 0.000887693761655649 0.00944615964525658 -0.222339959987217 0.00588858921483979 -2.53085167841334 25.0462675979066 0.0378455409712433
220000 10.8775 0.00303822997447697 -0.00435097999999999 0.000857114581379081 0.0120508933161591 -0.198395703236531 0.00352309613611255 -2.64366204749507 24.8593786321299 0.0270865546815095
225000 11.1275 0.00313161153495363 -0.00445097999999999 0.000868699247173249 0.00912043059936241 -0.181465768442225 0.00727990933700015 -2.73032638405207 24.7218429051327 -0.0283189824978598
230000 11.3775 0.00342670862904609 -0.00455097999999998 0.000652509217438325 0.0115537006292413 -0.171741739857844 0.00400424866257003 -2.88164150532636 24.5808745621816 -0.0239649569545701
235000 11.6275 0.00339662802994534 -0.00465097999999997 0.000779961667502352 0.00984026657387956 -0.173669129879764 0.00470253455151099 -2.8757458627844 24.5006784949673 -0.00540416519844468
240000 11.8775 0.00345940040145985 -0.00475097999999999 0.00076161594922193 0.0103429218947926 -0.20400297233394 0.00591277788402973 -2.88620912989169 24.5612664187494 -0.00993936279901213
245000 12.1275 0.00342613820637647 -0.00485097999999998 0.000877979946237171 0.0104768171764942 -0.232805943505982 0.00397588432852478 -2.82805101119953 24.5942517109705 0.0260160574494323
250000 12.3775 0.00332906070368528 -0.00495097999999998 0.00108364263716226 0.0110375083901788 -0.25257270513374 0.00526380864291481 -2.76125823825728 24.6110356671193 0.0180258358030843
255000 12.6275 0.00335581534110929 -0.00505097999999999 0.00117128126371152 0.00900822632333553 -0.255986532485072 0.00626068958176512 -2.77464789829468 24.5603748173465 -0.0282034504473684
260000 12.8775 0.00347960516873089 -0.00515097999999998 0.00115357872107368 0.0122746686139804 -0.242255492874466 0.00366915386380239 -2.83996538593682 24.405541435209 -0.0323879927893569
265000 13.1275 0.00355085948009061 -0.00525097999999999 0.00118468903419307 0.00930821360862024 -0.228174789093136 0.00620722021960328 -2.91648638659509 24.2584200924069 0.0207057023686509
270000 13.3775 0.00380405615551121 -0.00535097999999998 0.00102303503630199 0.010225983546273 -0.216040464810725 0.00523491257872148 -3.05607094833222 24.1170930576098 -0.00410256078028587
275000 13.6275 0.0039372251530639 -0.00545097999999998 0.000962067495103261 0.0117428759728024 -0.218847556059234 0.00385009803694333 -3.11998239488254 24.0286467687713 0.0237599436102395
280000 13.8775 0.00389791431819474 -0.00555097999999997 0.00107798424720307 0.00864473248983879 -0.237545915997351 0.00625432585516639 -3.10687084764876 24.0283660737902 0.0213172604361353
285000 14.1275 0.00398691477141162 -0.00565097999999998 0.00106316755368594 0.0118117410538161 -0.268866876467692 0.0038086376479855 -3.10163780977957 24.0958094666835 -0.0376563709681195
290000 14.3775 0.00382438694981864 -0.00575097999999999 0.0013300426739949 0.0104365187252558 -0.28948660661937 0.00568903383885769 -3.00013873904348 24.0964891631155 -0.0483868236289336
295000 14.6275 0.00385721513315562 -0.00585097999999999 0.0014040246671431 0.00936649110707226 -0.299918052789391 0.00533072377260324 -3.01805126825283 24.0733891602011 0.0252154413175116
300000 14.8775 0.00387348160325401 -0.00595097999999998 0.0015060432384833 0.0109913622963225 -0.293938438023895 0.00480842594910083 -3.01422420013614 23.9731649247785 0.0136412762096604
305000 15.1275 0.00406346181855081 -0.00605097999999997 0.00142477945367258 0.0109530924219332 -0.272200691003152 0.00510992208816328 -3.14744397687751 23.7683725823207 0.0180718447720277
310000 15.3775 0.00420398712584339 -0.00615097999999998 0.00137266841897859 0.00911056246555192 -0.262421930208137 0.00581560895302432 -3.2446662752179 23.6340731258357 0.0193358524925188
315000 15.6275 0.00440704058220297 -0.00625097999999998 0.00125439966456266 0.0118978500117516 -0.259079167813165 0.00366356036678633 -3.33473137450976 23.5204906629525 -0.0254985925027111
320000 15.8775 0.00444437469026675 -0.00635097999999998 0.00127352107252164 0.00958409924337232 -0.27181569601991 0.00579361782048535 -3.37197845099025 23.47014018595 -0.0546272682751553
325000 16.1275 0.00440132130464936 -0.00645097999999998 0.00139480525738793 0.0100382018479731 -0.307630495486163 0.00526301962466638 -3.31006184910696 23.5623693619307 0.0276767602514244
330000 16.3775 0.00443646242593379 -0.00655097999999997 0.0014676810553714 0.011770535961072 -0.329947474062439 0.00355580538302667 -3.28715504702844 23.5911390639982 0.00953961304580927
335000 16.6275 0.00429141394070229 -0.00665097999999998 0.00172505076059476 0.00925943152436429 -0.339614138011854 0.0071239038700319 -3.220604869251 23.5536819557266 0.0106338265763464
340000 16.8775 0.00436674353527297 -0.00675097999999998 0.00176655599259367 0.0110005568056359 -0.341612779994991 0.0044665330555601 -3.2469664748309 23.4861537532283 0.0134428173007411
345000 17.1275 0.00445326650371692 -0.00685097999999998 0.00179146842778682 0.0103515634330779 -0.319304430292351 0.00456471971004819 -3.31100282785668 23.2829640622116 -0.0137732799143284
350000 17.3775 0.00470984751906559 -0.00695097999999997 0.00162099262488577 0.0104349547077796 -0.30357915217087 0.0062276357063687 -3.48308327856704 23.1013983629121 -0.0454741761240264
355000 17.6275 0.004792936451974 -0.00705097999999997 0.00163256693358505 0.0105085425698994 -0.298118739601008 0.00402048450035532 -3.51655811558021 22.9724677915372 0.0226485595705336
360000 17.8775 0.00494583390631068 -0.00715097999999998 0.00153453209733474 0.0100795769586775 -0.308816521780737 0.00537364490475674 -3.59953016905765 22.9213741277602 0.0331384143867613
365000 18.1275 0.004985318774966 -0.00725097999999998 0.00156379784584022 0.010904481399117 -0.340758320264183 0.00498467500691832 -3.5988420531674 22.9806165531386 -0.00132228791177981
370000 18.3775 0.00482591007406965 -0.00735097999999998 0.00182289525983479 0.0106405750079831 -0.371469663235828 0.00473663088814093 -3.46809864168966 23.0524278102446 -0.0135553531390257
375000 18.6275 0.00481595236549912 -0.00745097999999997 0.0019441645102003 0.00990621292800466 -0.384611256330097 0.00594266022026093 -3.45626172961145 23.0396733685976 -0.0146959280073019
380000 18.8775 0.00483976889378345 -0.00755097999999998 0.00204440566143081 0.0106460484240071 -0.384145932975361 0.00414995332238186 -3.47366024608247 22.9437236742873 -0.026741344135838
385000 19.1275 0.00487083989903619 -0.00765097999999998 0.0021389743658876 0.0100569989856978 -0.37048434858394 0.00514623171130068 -3.49033114448023 22.793594482277 0.023893342508386
390000 19.3775 0.00511533152098524 -0.00775097999999997 0.00199146875650015 0.0105871551097973 -0.347016695979084 0.00634052657965556 -3.65170360529691 22.5598801714583 0.0348123022391466
395000 19.6275 0.00535697531970326 -0.00785097999999996 0.00182394649656501 0.0110915524024318 -0.340611013917895 0.00392494882596471 -3.7933882338297 22.4070700080446 0.00324069611715918
400000 19.8775 0.0053276799765245 -0.00795097999999997 0.00192167904855097 0.00980264748283257 -0.351425067190108 0.0055931884653991 -3.76119414984769 22.3654974586313 -0.02425893087424
405000 20.1275 0.00552702313238203 -0.00805097999999998 0.00177421392178618 0.0104177080539012 -0.372394626268997 0.00491486724176145 -3.86072914708793 22.3500661770462 -0.0215282789464896
410000 20.3775 0.00537928540765627 -0.00815097999999998 0.00202979639972633 0.0108615805691204 -0.409835975439068 0.00408509483789248 -3.74013740215983 22.4678541652071 -0.0211233394313877
415000 20.6275 0.00530107351227484 -0.00825097999999997 0.00224356756829594 0.00977052136356079 -0.423838865908215 0.0058781632638068 -3.67801570069943 22.4695313812234 0.0146639958530391
420000 20.8775 0.00530626588136401 -0.00835097999999996 0.00233328241465921 0.0108340004823279 -0.434092314031681 0.00563953242437863 -3.68017538836097 22.4167677557103 0.0397675147371936
425000 21.1275 0.00533516967237559 -0.00845097999999997 0.00243876660858974 0.010895242696771 -0.422617689919183 0.00490887737643777 -3.70059772526888 22.2777259575476 0.00265454009506389
430000 21.3775 0.00558526883145317 -0.00855097999999998 0.00228918646706121 0.00970621224683182 -0.394152787761911 0.00462625409614907 -3.8551431986236 22.0039658321744 -0.0413315991088489
435000 21.6275 0.00575368942988317 -0.00865097999999997 0.00218915254563735 0.0100624030918509 -0.381495348471321 0.0052275694416159 -3.97007041598189 21.7953083338689 -0.00857045854247369
440000 21.8775 0.00587815490452819 -0.00875097999999997 0.00213924879646618 0.0110345782334659 -0.389172276316535 0.00467953365951886 -4.02490515507603 21.732026361815 0.0005601125450058
445000 22.1275 0.00597670816178677 -0.00885097999999997 0.00212656342743528 0.00976685657008872 -0.402778581808946 0.00580230391498103 -4.06653600209612 21.6844606488379 0.00813829692964744
450000 22.3775 0.00598389077779034 -0.00895097999999997 0.00219099674124479 0.0127317128839429 -0.444718547919965 0.00430855350905324 -4.03133539917607 21.8273815910874 0.0253062862752541
455000 22.6275 0.0057031716051597 -0.00905097999999997 0.00259288789310804 0.00834607158013717 -0.47030768563397 0.0059089855577292 -3.86196843547391 21.8960268316315 0.0111450785096124
460000 22.8775 0.00581364126840139 -0.00915097999999997 0.00259706818605804 0.0104620284991937 -0.473071899104701 0.0041699390113204 -3.90508533413069 21.8025202855471 -0.0449815607954794
465000 23.1275 0.00584153460905557 -0.00925097999999997 0.00269771566343124 0.0111392281565142 -0.472419731425762 0.00519786627629414 -3.92939088395548 21.7095859186667 -0.0135156765551447
470000 23.3775 0.00595198025939221 -0.00935097999999996 0.00271482736652851 0.0100761453444485 -0.443910096716267 0.00606104645333992 -4.00752785540913 21.4328558173915 0.0241609943509818
475000 23.6275 0.00625564910059066 -0.00945097999999997 0.00246865141032872 0.0104557791798307 -0.423538795278445 0.00489682843751201 -4.1904044881341 21.1614430667503 0.0121262349196774
480000 23.8775 0.00637652969168689 -0.00955097999999997 0.00240842996992189 0.0104801465222083 -0.429277565567283 0.00443543106677028 -4.26104273985796 21.0648556007991 0.00757163773604737
485000 24.1275 0.00644166211163066 -0.00965097999999997 0.00243558928190191 0.0100686835395207 -0.440785981579058 0.00529507889840541 -4.27444017981292 21.0169665750873 -0.00156497506807362
490000 24.3775 0.00647471668006766 -0.00975097999999997 0.00246775657510046 0.010837839618941 -0.479054391203865 0.00505847907691406 -4.25909787272949 21.1283337094321 -0.0338922400921107
495000 24.6275 0.00633408674532241 -0.00985097999999997 0.00274226045365718 0.0107503044586574 -0.509421911635368 0.00428285777834591 -4.16375854415908 21.2279687885951 -0.0159652370478473
500000 24.8775 0.00620440362065736 -0.00995097999999997 0.0030018730170017 0.00999806437236736 -0.519027288591768 0.00627082563118771 -4.07452252286202 21.1973470049594 0.0409026583916871
505000 25.1275 0.00634029419018787 -0.01005098 0.00295787268220511 0.0106606331579287 -0.521190563712802 0.00459929926681392 -4.14603107876553 21.0988907500203 0.0168243900993007
510000 25.3775 0.00642134062923432 -0.01015098 0.00301358884035504 0.00986036885832603 -0.500578580880684 0.00450876963115723 -4.21072186549168 20.8468696992376 0.000396367016001589
515000 25.6275 0.00665556848809053 -0.01025098 0.00286810522632941 0.010617651485533 -0.471229171111703 0.00599077143614471 -4.35540600953449 20.521069229488 -0.00253210313829307
520000 25.8775 0.00689974328151984 -0.01035098 0.00266463084769305 0.0108787355014601 -0.472413253807506 0.00514206231879898 -4.49178857053059 20.3738534512156 -0.035015167901301
525000 26.1275 0.00692837111847493 -0.01045098 0.00275368043283477 0.0106675559958495 -0.471823115779755 0.00447159601614943 -4.50903664664672 20.2289789950124 -0.00745422144251754
530000 26.3775 0.00694276262706966 -0.01055098 0.00279370320378178 0.0094263496945422 -0.506728957702279 0.00556727301965686 -4.48185688206522 20.3392920282159 0.037222437335061
535000 26.6275 0.00687296627030853 -0.01065098 0.00296680249259059 0.0109782021109071 -0.546458948734141 0.00405036159780497 -4.40904296657704 20.4930883199587 0.0280834094615569
540000 26.8775 0.00673732171974166 -0.01075098 0.00326950219806445 0.0105745128146942 -0.560288436717941 0.00584301407605366 -4.32333840114219 20.5056565398503 -0.0241087185430748
545000 27.1275 0.00676012954210173 -0.01085098 0.00334188918564823 0.0102050142222141 -0.57056812437946 0.00567580721230086 -4.32091425499183 20.4591664607811 0.000391570134362375
550000 27.3775 0.00695681624578661 -0.01095098 0.00323263792250963 0.0109547979053381 -0.558835715064577 0.00388841639845536 -4.43646504767772 20.2329031467766 -0.0172630067716549
555000 27.6275 0.00702027059534932 -0.01105098 0.0032915270993398 0.00972636293444811 -0.526977145135709 0.00586147378737415 -4.50477108164325 19.8668983999493 -0.00637071196677496
560000 27.8775 0.00734779711985341 -0.01115098 0.00302273852824468 0.00956578383900691 -0.503988812777203 0.00487352429177502 -4.69264874079511 19.5188466010731 0.0386328059167665
565000 28.1275 0.00751145443870183 -0.01125098 0.00295495096802422 0.0123938781784713 -0.509710629332592 0.00447669650731499 -4.77035853365777 19.3998374727721 0.00663520740828196
570000 28.3775 0.00742402883478091 -0.01135098 0.00315628327499812 0.0103446094766554 -0.519796558473228 0.00649010677243069 -4.72654771062931 19.3168428694198 -0.0192777718207081
575000 28.6275 0.00737371352179183 -0.01145098 0.00325308526053643 0.00902207884919344 -0.575676293603838 0.00437658965230214 -4.64431737699539 19.6390060297801 -0.032034322983517
580000 28.8775 0.00731096114670031 -0.01155098 0.00346175194736683 0.0114893197199919 -0.601224917476929 0.00395422157884285 -4.58076002588464 19.7293102139579 0.0139761542411726
585000 29.1275 0.00725084650824237 -0.01165098 0.00365730011690829 0.0100843191053019 -0.612476773878905 0.00622554283329393 -4.54683548597552 19.6953937371176 0.00898400776615724
590000 29.3775 0.00734186176103838 -0.01175098 0.00365190132358504 0.00989123455720874 -0.609909358101861 0.00544900752393228 -4.59119453315386 19.5205251441209 0.0231826873480278
595000 29.6275 0.00759366180681992 -0.01185098 0.00349436034271442 0.0114827257532213 -0.584591562530724 0.00401393294351021 -4.74273126477102 19.1482493659868 0.0148506258731897
600000 29.8775 0.00772815520161541 -0.01195098 0.00345712068573761 0.00953446466568999 -0.555091929689039 0.00628221496038291 -4.85268959197944 18.6997572660704 -0.0405776194858415
605000 30.1275 0.00793834304064166 -0.01205098 0.00331170696294868 0.0103836699252449 -0.548039822412626 0.00434321793542831 -4.95757895420883 18.4521283749296 -0.0274773463567252
610000 30.3775 0.00804529117937254 -0.01215098 0.00334405252949261 0.0116974061356036 -0.542155003390235 0.00440253398200445 -5.01612021119601 18.1916587806652 0.0132610714223739
615000 30.6275 0.00789952497955245 -0.01225098 0.00358227670103513 0.00946853138283246 -0.577171657642734 0.00623319953875899 -4.92028050233239 18.3808064297128 0.0232387911433794
620000 30.8775 0.00783878871368768 -0.01235098 0.00372722443966892 0.0103072572324587 -0.624505646864077 0.00457749582541848 -4.83415609855492 18.6799093669568 0.00795502926423953
625000 31.1275 0.00782055968771084 -0.01245098 0.00388031300700707 0.0106024074916528 -0.643076404364512 0.00413619688119658 -4.81090873901626 18.7205357852333 -0.00367637605929703
630000 31.3775 0.00781402982273269 -0.01255098 0.00399342609334323 0.010483968940562 -0.669230748745392 0.00697420072277918 -4.78796540430798 18.7808082169014 -0.0151831250471112
635000 31.6275 0.00798720777347885 -0.01265098 0.00387902795668164 0.0104918838112749 -0.661165871147219 0.004407836837023 -4.87404500041582 18.51544091844 -0.0309779601925628
640000 31.8775 0.00825525063239454 -0.01275098 0.00370517671828107 0.0105609994302123 -0.624111366987355 0.00418720064417157 -5.0595174402995 17.9069983868445 0.0259395883097813
645000 32.1275 0.00829083871975146 -0.01285098 0.00377796498093652 0.00936027934622154 -0.600602140333904 0.00588925838831026 -5.09939528409162 17.4412748651493 0.030829257426567
650000 32.3775 0.00853424749190295 -0.01295098 0.00368011510263196 0.0113657884202528 -0.562165523386363 0.00512579235691945 -5.24195525684275 16.7111539257037 -0.00987925848680955
655000 32.6275 0.00854430795737906 -0.01305098 0.00380994185412885 0.0114348958282423 -0.554232044776855 0.00441552979500142 -5.25936862507301 16.2960836846739 -0.0133475146736844
660000 32.8775 0.00840253802067002 -0.01315098 0.00403894409885153 0.00911762040781394 -0.595098494968508 0.0058859845645736 -5.15761528930312 16.5110062518596 -0.00603240188341845
665000 33.1275 0.00846596276954829 -0.01325098 0.00405988575437232 0.0103531613861836 -0.629743879200477 0.00426658170687554 -5.14426320698911 16.7665862693584 -0.00703409969789597
670000 33.3775 0.00847104250611487 -0.01335098 0.00416422699829054 0.0112461353421834 -0.670168441636137 0.00490741315921773 -5.12305857597584 17.2537814567145 0.0182312502135977
675000 33.6275 0.00845678246179649 -0.01345098 0.00422651594830981 0.00975414868259472 -0.712924816914293 0.0062624556175524 -5.08173883259559 17.4961240742126 0.0308286591126779
680000 33.8775 0.00867143954708901 -0.01355098 0.00407765543345302 0.0105863909803696 -0.702912405192749 0.00468055135292703 -5.19219397736149 17.1332522413018 -0.0191572336984919
685000 34.1275 0.00877014555174814 -0.01365098 0.00406565739530911 0.0107139430946285 -0.7067343658354 0.00410549513792211 -5.2521024785834 16.9403848343478 -0.0378592120793977
690000 34.3775 0.00882973006546159 -0.01375098 0.00415536293598019 0.00968080279338851 -0.679854515157519 0.00626640178849886 -5.30045058162213 16.1920123925077 0.00837512562011202
695000 34.6275 0.00897665178914741 -0.0138509799999999 0.00414322927175879 0.0111768989280276 -0.645719305964264 0.00474044336619342 -5.39482853827294 15.076391442562 5.70947986916062e-05
700000 34.8775 0.00894742061280722 -0.0139509799999999 0.0043380675175871 0.0109452270832279 -0.632658191669549 0.0047967891185047 -5.39684964906929 13.4216329253541 0.0135147453159777
705000 35.1275 0.00894073832947441 -0.01405098 0.00442278148298962 0.00903032688461986 -0.663702225646881 0.00534533234391268 -5.36456275748371 12.5925006452248 0.0309202239970012
710000 35.3775 0.00902966897909421 -0.01415098 0.00440189684147007 0.0107605506140275 -0.706634232465969 0.00426182912638002 -5.37026958466752 11.5737776802061 -0.0223444967339286
715000 35.6275 0.00909595270261923 -0.01425098 0.00444295251766148 0.0112789349826972 -0.726973811932624 0.00627258371444101 -5.39402327594598 11.1281364885663 -0.0315612420133926
720000 35.8775 0.00920099935764966 -0.0143509799999999 0.00437405947564553 0.0104187941949534 -0.740056186212957 0.00498243814924578 -5.433507472222 10.9738482342128 0.00365881957230674
725000 36.1275 0.0092215708809742 -0.0144509799999999 0.00440634379942269 0.00937474513569234 -0.772321808041073 0.00423144558046505 -5.42085604297802 10.8099832954495 0.01439165685963
730000 36.3775 0.0093538952090108 -0.01455098 0.00442257759570374 0.0107444818011995 -0.7695134008684 0.00520680577916036 -5.49175758727354 11.8579579944919 0.00292399848905383
735000 36.6275 0.00935058306618681 -0.01465098 0.00454316342892755 0.0110609497973626 -0.77739373039982 0.00570778057898911 -5.47601583255371 12.5079480238917 -0.00166130838866207
740000 36.8775 0.00935287718592719 -0.0147509799999999 0.00465653584810561 0.0100580552493755 -0.790449455007927 0.00470766919072439 -5.46702206546109 12.9830156030294 -0.0143431325110301
745000 37.1275 0.00935469611497383 -0.0148509799999999 0.00477906930020236 0.0106218701428711 -0.796319123008564 0.00480822797412682 -5.46190271732985 14.2758763969475 -0.0193827555388671
750000 37.3775 0.00937365286092746 -0.01495098 0.00481323749341712 0.0102141124141451 -0.829499116722941 0.00519588658565452 -5.44052282555086 14.6061875295508 0.0094848570200559
755000 37.6275 0.0094982124638734 -0.01505098 0.00477377793057537 0.00970495790915608 -0.848654533510542 0.00552723635915059 -5.49619068212777 14.4358442279537 0.0337781433048876
760000 37.8775 0.0096643403564904 -0.01515098 0.00469314344573946 0.0118705435882199 -0.85942879522734 0.00457686922664227 -5.56405081682267 14.2992269967412 0.00707366690849184
765000 38.1275 0.00968455571457892 -0.0152509799999999 0.00472895358080636 0.0101493579390143 -0.870916838257937 0.00513035350369524 -5.57094777702158 13.89815984539 -0.0157430358869332
770000 38.3775 0.00965828673893431 -0.0153509799999999 0.00488498315363131 0.00895292652998876 -0.887228174439892 0.00581345560390252 -5.54677663534781 12.6168851044693 -0.00719287073644326
775000 38.6275 0.00982224044005351 -0.01545098 0.00483552747586359 0.0121937500873678 -0.909488002396968 0.00352216825032513 -5.59807789995022 12.5688002147526 -0.00521694275711056
780000 38.8775 0.00968541067085073 -0.01555098 0.00508261129371625 0.0103999240696096 -0.928837238876182 0.00587565019318367 -5.51776353980516 11.8160792841951 0.00874791638395702
785000 39.1275 0.00965694782413407 -0.01565098 0.00523282419439346 0.00913408163343272 -0.937592024489791 0.00661878342511022 -5.49818782692166 11.996827394735 0.0345026067807173
790000 39.3775 0.00989132507847677 -0.0157509799999999 0.00505239518529601 0.0112650646816665 -0.962816626150289 0.00293792375139583 -5.58955290213403 12.3658770151716 -0.00734863681793577
795000 39.6275 0.00994077517738155 -0.0158509799999999 0.00509612296617465 0.0105128606849904 -0.967043359047702 0.00528020052116995 -5.61669089292325 13.0954770911647 -0.0311999642212298
800000 39.8775 0.00996669093343642 -0.0159509799999999 0.00514291832754158 0.00958736632894055 -0.994014158482531 0.0064644940043177 -5.61258758945527 13.3918424295989 -0.0130040583840995
805000 40.1275 0.0101429082697784 -0.01605098 0.00503293002685172 0.0118345376448787 -1.02561561438599 0.00391128924873122 -5.66591188793605 13.9639950225546 0.0103740142223763
810000 40.3775 0.0100903310579973 -0.01615098 0.00520641866297095 0.00984453052939566 -1.03275123901045 0.00508391682093877 -5.64176663747252 13.9583935935558 0.00645304505130305
815000 40.6275 0.0100316304438094 -0.0162509799999999 0.00538394099880117 0.00932791112776247 -1.04722154786827 0.00573207778661074 -5.59783578530567 13.4990900334216 0.0222876487968697
820000 40.8775 0.01020599885988 -0.0163509799999999 0.00532600539036539 0.0119011700505163 -1.06349434488485 0.00410722754989981 -5.66039284107228 13.3356389263398 -0.0175234249126559
825000 41.1275 0.0100805952821144 -0.0164509799999999 0.00557519200228869 0.0102639283198512 -1.07545548985369 0.00600179183658838 -5.59584866635019 12.4557114306532 -0.0326254881677786
830000 41.3775 0.0101903905141041 -0.01655098 0.00551297345406878 0.00947229949829483 -1.1069876047149 0.00506994304160698 -5.62472324851938 12.3143812098789 -0.00132798186479027
835000 41.6275 0.0103700291761067 -0.0166509799999999 0.00539631688799508 0.0108492689766097 -1.12471557809901 0.00427022024447817 -5.69839554038774 12.3275438204779 0.0236204075268965
840000 41.8775 0.0103899951071337 -0.0167509799999999 0.00548627313957157 0.0110472648242793 -1.14198200794917 0.0052942518961847 -5.69802110871069 12.4200962218962 0.00309201694354274
845000 42.1275 0.0104578019103496 -0.0168509799999999 0.00548234303295562 0.00983115854869217 -1.16197590057038 0.00594778535657036 -5.71672519055433 13.0832182692242 -0.00400387779688502
850000 42.3775 0.0105079851884841 -0.0169509799999999 0.00554178790731519 0.0103704949813355 -1.17750064659125 0.00415566817081947 -5.7271420869657 13.494588181311 -0.0133297991478056
855000 42.6275 0.0104948045429243 -0.0170509799999999 0.00569511740063551 0.0112324768161963 -1.19720832046509 0.00462432671954644 -5.69998274861509 13.6012498808004 -0.0297033508544162
860000 42.8775 0.010444404640289 -0.0171509799999999 0.00584799312773772 0.00957242762374532 -1.21362490939617 0.00620476652466109 -5.6621574767915 13.758192071988 0.0117523774625409
865000 43.1275 0.0105490666457437 -0.0172509799999999 0.0058471016425091 0.0106381717047756 -1.2310075558399 0.0051037141648543 -5.69929504960927 13.2705883241706 0.0288205061038648
870000 43.3775 0.0106271065183806 -0.0173509799999999 0.00585181895339192 0.0108330063163936 -1.24735119612355 0.00412388958353466 -5.72438781736446 12.9019760887989 -0.00378041190114791
875000 43.6275 0.010733313844806 -0.0174509799999999 0.00578777811972054 0.0100113256098092 -1.27357563150439 0.00587601783071696 -5.7601800015901 12.5621225514897 -0.0220043291257063
880000 43.8775 0.0107746176432641 -0.0175509799999999 0.00585217905636921 0.0102643016211876 -1.29430259663895 0.00512375364803621 -5.76459300284572 12.358776057373 -0.00822360219938685
885000 44.1275 0.010885468023884 -0.0176509799999999 0.00582741821868361 0.0110545188534121 -1.31261484763601 0.0041804387905097 -5.80332026979173 12.4487661127027 -0.0140853080909285
890000 44.3775 0.0108753377196153 -0.0177509799999999 0.00592962838633674 0.0098204164753837 -1.32952444135266 0.00572317453166002 -5.78534815445634 12.9399368388118 0.013425671544757
895000 44.6275 0.0108376909185905 -0.0178509799999999 0.0061273593210827 0.0104920505562567 -1.34117453526889 0.00531367063063411 -5.75362930014201 13.1835725098996 0.0333923158018127
900000 44.8775 0.010944544142843 -0.0179509799999999 0.00611496727031532 0.0114204921035057 -1.36149077224878 0.00412548447713736 -5.78533648096129 13.4846544280358 -0.0147949597588656
905000 45.1275 0.0108652848509189 -0.0180509799999999 0.00628573699449494 0.00916529217158862 -1.38445681283078 0.00612658862163051 -5.73322184436569 13.6399417541699 -0.0286948665000304
910000 45.3775 0.0110094146041668 -0.0181509799999999 0.00623104293370516 0.0107389500524591 -1.39967572685292 0.00501469350309809 -5.79057315792739 13.208412845978 0.00410184346518149
915000 45.6275 0.0112124392730776 -0.0182509799999999 0.00608187387712658 0.0115824698507173 -1.42361135386325 0.00428195773428413 -5.87253801524066 13.0668594196228 0.00214625808739254
920000 45.8775 0.0111476662082369 -0.0183509799999999 0.00622266947365727 0.00873853230185247 -1.44525842703834 0.00543831689551463 -5.82914738098461 12.6850602900842 0.0150594261735462
925000 46.1275 0.011189085287797 -0.01845098 0.00629927751931095 0.0107639794380272 -1.46471028518716 0.00564983312318069 -5.82858689103895 12.4130752305193 0.0111207552616487
930000 46.3775 0.0113979905800376 -0.0185509799999999 0.00618751267255696 0.0121220253847992 -1.48132131706043 0.00385095091557851 -5.9165037283869 12.6543396545944 -0.015514360638838
935000 46.6275 0.0111701191587575 -0.0186509799999999 0.00654939000795382 0.0086593074005292 -1.49516427940653 0.00578483220737787 -5.79556283141621 12.8608376167603 -0.0263997601107411
940000 46.8775 0.0112359917118363 -0.0187509799999999 0.00660007244059858 0.0104592298625445 -1.51238150723096 0.00570679271002339 -5.8078302745413 13.1091146041565 0.00908062115959589
945000 47.1275 0.0114604735950453 -0.0188509799999999 0.00645320740044666 0.0117872825618493 -1.53613735887417 0.00403284461633107 -5.90187808589103 13.4631251067311 0.0269622954744381
950000 47.3775 0.0113390917491637 -0.01895098 0.00666607829909636 0.00932471214919057 -1.55456181200094 0.00562930318218467 -5.82944603560689 13.4145921387074 0.00588893575697358
955000 47.6275 0.0115154100771129 -0.0190509799999999 0.00653994736915641 0.0105384938918383 -1.57749433207695 0.00523720616143645 -5.89753040417561 13.1977251589707 -0.010286015963116
960000 47.8775 0.011681205644681 -0.0191509799999999 0.00646531896630266 0.0108446906385018 -1.59774576525164 0.00474979617874334 -5.96951935461586 13.0335865157625 -0.0147737438757541
965000 48.1275 0.0116098813404535 -0.0192509799999999 0.00664184470810447 0.0102552269443028 -1.61633363972952 0.00460100649041 -5.91089199898912 12.5775554086288 -0.0141751305040189
970000 48.3775 0.0116136616223859 -0.0193509799999999 0.00675074108037464 0.0102372534095707 -1.63466654470898 0.00568208385193966 -5.90035929482541 12.5888420470589 0.0133113161154462
975000 48.6275 0.0116921201491662 -0.0194509799999999 0.00680792549761899 0.0106379298810808 -1.64912296610993 0.00532308049491918 -5.93111139059519 12.7094476055924 0.0296950739479953
980000 48.8775 0.0116662631089064 -0.0195509799999999 0.00693613944902652 0.0106563388035792 -1.66762291612398 0.00419311358161623 -5.89017706573632 12.857999992764 -0.00782239120228318
985000 49.1275 0.0117225490177392 -0.0196509799999999 0.00695282564439454 0.00996407143574964 -1.68997920512151 0.0055127898854431 -5.90827155305694 13.2478171574991 -0.0265333916238558
990000 49.3775 0.0118412330963994 -0.0197509799999999 0.00693968820736936 0.0102711649781828 -1.70820527167318 0.00563870763505706 -5.95963308518157 13.3658293345704 -0.0109895938712563
995000 49.6275 0.0119430298607115 -0.0198509799999999 0.00688773548693809 0.0111296206255524 -1.73149362256356 0.00436890822422196 -5.9768692928945 13.2792728820677 0.0121149868309254
1000000 49.8775 0.0120177010458526 -0.0199509799999999 0.00689014021089678 0.0103477804545107 -1.7530131395526 0.00516402359393669 -6.00714819199907 13.1862835684527 0.0101418359348368
1000000 49.8775 0.0120177010458526 -0.0199509799999999 0.00689014021089678 0.0103477804545107 -1.7530131395526 0.00516402359393669 -6.00714819199907 13.1862835684527 0.0101418359348368
1005000 50.1275 0.0119475002685762 -0.0199490199999999 0.00700317893512702 0.00980767068065303 -1.74788104299718 0.00579197905046768 -5.98203701437697 12.8270224494585 0.0131861339052513
1010000 50.3775 0.0119458110583811 -0.0198490199999999 0.00688947445822896 0.011118171808843 -1.73108341343281 0.00382294780569458 -5.97581825288575 12.5810966831235 -0.00189691169304768
1015000 50.6275 0.0117549028948513 -0.0197490199999999 0.00703248863757638 0.01025060688556 -1.7070917463316 0.00580398187718943 -5.91242420941099 12.6605029618253 -0.0418926216821031
1020000 50.8775 0.0116987208968918 -0.0196490199999999 0.00702347100136054 0.0102428550655059 -1.68443478552016 0.00601802490834769 -5.90502767974785 12.6881241260727 0.00933413105338398
1025000 51.1275 0.0117791690243379 -0.0195490199999999 0.00677788879985407 0.0109148512426643 -1.67114608501819 0.00324687396788263 -5.94036726355806 13.0470133199172 0.0281730534557191
1030000 51.3775 0.01163111065998 -0.0194490199999999 0.00684216981056628 0.00999269985289978 -1.65132146901044 0.00599058887066443 -5.90002002487776 13.3348362602089 -0.00189834254957851
1035000 51.6275 0.0116712580471502 -0.0193490199999999 0.00669164219873957 0.0101817499642521 -1.63404133706934 0.006023806836562 -5.93680417241637 13.3049770622383 -0.00304666682674524
1040000 51.8775 0.0117428894141442 -0.0192490199999999 0.00647014085206379 0.0113783666397882 -1.62014612353156 0.00349927693627277 -5.96843242607573 13.3840484523795 -0.0139410121431767
1045000 52.1275 0.0115279227909183 -0.0191490199999999 0.00664603814676957 0.0100640570944178 -1.59426173175705 0.00566103909398049 -5.89632988311218 13.1043421428373 -0.0286592548767263
1050000 52.3775 0.0114424893694113 -0.0190490199999999 0.0066537652164889 0.00960813828145777 -1.57298132265702 0.00577204900397333 -5.87105213332766 12.6588230016518 0.0211320480428749
1055000 52.6275 0.0115000818464971 -0.0189490199999999 0.00648075384903207 0.0117066500639254 -1.55576457874887 0.00349940133397808 -5.89501226646255 12.6177175330568 0.0325289706310419
1060000 52.8775 0.0112460134413118 -0.0188490199999999 0.00670277840907389 0.0101236064822112 -1.5304757648176 0.00645618745248414 -5.80567591632745 12.5545050928532 -0.0106139028132642
1065000 53.1275 0.0112893322485318 -0.0187490199999999 0.00652668832141946 0.00973460296111132 -1.51432566977662 0.00531369429957362 -5.83977369849031 12.7045360291173 -0.0152383693174108
1070000 53.3775 0.0113829434268 -0.0186490199999999 0.0062797492750758 0.0109309906816411 -1.49995298801672 0.00358891135574499 -5.8876316714794 13.209999207999 -0.0118222835718356
1075000 53.6275 0.0112321354163544 -0.0185490199999999 0.00636930063263009 0.0108124322843096 -1.47835245820897 0.00622087472198435 -5.84446982652917 13.3202669760412 -0.0058424419008018
1080000 53.8775 0.0112705628080896 -0.0184490199999999 0.00619314653342072 0.00999766382302887 -1.46401081048197 0.00565918583143483 -5.87537273042996 13.449183639552 0.0196360052929988
1085000 54.1275 0.0111968545264092 -0.0183490199999999 0.00618186017219143 0.0103886316961203 -1.44298845139637 0.00362650977500468 -5.84319215186648 13.4786046640597 0.0211379524982944
1090000 54.3775 0.0110707675851423 -0.0182490199999999 0.00627325677524369 0.0108397041339813 -1.41540825105236 0.00528891321673134 -5.81331652649383 12.9420302566741 -0.0175383052374267
1095000 54.6275 0.0109754121406409 -0.0181490199999999 0.00626276392694487 0.0100281297349574 -1.39791663086425 0.00621790697756392 -5.77853057512276 12.7094228382192 -0.0244222715779095
1100000 54.8775 0.0109515579663679 -0.0180490199999999 0.00619752935112172 0.0106539845080004 -1.37968282511172 0.00404759500959151 -5.76858242784771 12.5859885390373 0.0030745242183179
1105000 55.1275 0.010908023428498 -0.01794902 0.00615151837122434 0.01051216260825 -1.36189634678018 0.00518102926031394 -5.77607030273858 12.3875705072506 0.0173670929293033
1110000 55.3775 0.0109147514230705 -0.01784902 0.00599010503868475 0.0101393161111318 -1.34552612017978 0.00571863361576561 -5.7942571734049 12.7563664316644 0.0143759171567063
1115000 55.6275 0.0108968777313941 -0.0177490199999999 0.0059141283035909 0.0106654504159912 -1.32645675116904 0.00457716707793742 -5.79060885682473 13.1988404302861 -0.000451345703513425
1120000 55.8775 0.0109056100896672 -0.0176490199999999 0.0058155471437567 0.0107623017126433 -1.30775431956635 0.00503697873025972 -5.82362577971662 13.3586220529696 -0.0165113481869425
1125000 56.1275 0.0107514590962225 -0.0175490199999999 0.00586794443924913 0.0101145007752237 -1.29168634006209 0.00543231796998917 -5.75376628434432 13.6583807436161 -0.0232439907791563
1130000 56.3775 0.0106186853588446 -0.01744902 0.00594717294256522 0.0100225478475913 -1.26609788425035 0.00498486495517955 -5.70158294333627 13.5473199377757 0.0139800747282773
1135000 56.6275 0.0107041710726259 -0.01734902 0.00577906008613284 0.0113198383365376 -1.24445797549171 0.00450058701422262 -5.76999802986436 12.9931866757652 0.0337258546634092
1140000 56.8775 0.0104911804747775 -0.01724902 0.00589674948928594 0.0100532572168972 -1.22472677206303 0.00528282282485116 -5.67494371955387 12.8721127078151 -0.00464829760280459
1145000 57.1275 0.0104744920649775 -0.0171490199999999 0.00580780657996565 0.00967427562918419 -1.21110771795764 0.00587336466561079 -5.67610264024245 12.3328131696924 -0.00870977094165227
1150000 57.3775 0.0106293316691023 -0.0170490199999999 0.00552024882293433 0.0117307189886123 -1.19860616222553 0.00457913293573865 -5.77317687681526 12.2564262862282 -0.0138410036136538
1155000 57.6275 0.0104701782187392 -0.01694902 0.00557296875625429 0.0101877393673871 -1.17483401078504 0.00498980005906967 -5.70974042361019 12.6900862077089 -0.00588816489728005
1160000 57.8775 0.0104165395182647 -0.01684902 0.00553140294359273 0.00936132930268116 -1.15780557170768 0.00500518319901084 -5.69589937897066 12.8540699985938 0.0159693005596041
1165000 58.1275 0.0104613950355995 -0.01674902 0.00541297031369302 0.0114363139118429 -1.13723198216026 0.00520884590928128 -5.74145420398266 13.472867406448 0.0293420103309286
1170000 58.3775 0.0102263572247149 -0.0166490199999999 0.00558670412533732 0.010896840094561 -1.1191353506829 0.0052992225275211 -5.6261429728054 13.8654907339829 -0.0118348982644486
1175000 58.6275 0.0101560458578286 -0.0165490199999999 0.00555643753933282 0.00926217181051626 -1.09973621743415 0.00501051153250333 -5.6113827587547 13.6240523118037 -0.0230292684142817
1180000 58.8775 0.0102082551145989 -0.01644902 0.00541116640303692 0.0108042990173403 -1.07784460404828 0.0048011752681011 -5.66214612683996 13.6164678888883 -0.00256733270091025
1185000 59.1275 0.0101000936364803 -0.01634902 0.00543146285421301 0.0109397876688892 -1.05665434670934 0.00544742364062533 -5.61385943625108 13.1024136206052 0.0104266378275927
1190000 59.3775 0.010155650585006 -0.01624902 0.00522382328698775 0.0102940536874303 -1.04924582235669 0.00519486064601287 -5.65649411475062 12.2695421491124 0.014261778480537
1195000 59.6275 0.0101507693368259 -0.01614902 0.00513718179741797 0.0102849651374907 -1.0277169972997 0.00488365642026707 -5.67867032060443 12.3580668628107 0.0142740202712004
1200000 59.8775 0.010000512869939 -0.01604902 0.00519094316607349 0.0101577166360495 -1.01693594845829 0.00472335666393519 -5.6019806764609 11.9524916579681 -0.0148456129091171
1205000 60.1275 0.0099961974619016 -0.01594902 0.00511569931857378 0.0108562507334054 -0.986055941246756 0.00531296099548237 -5.62762916270245 12.4422828343645 -0.0334744105101318
1210000 60.3775 0.00991025209591477 -0.01584902 0.00516059697302957 0.0104356772100668 -0.960689807397835 0.0054076586369457 -5.6092584792595 12.878030784762 0.0138409058487849
1215000 60.6275 0.00978517543931448 -0.01574902 0.0051819586348054 0.0103101605790025 -0.950809595086403 0.0042258124134721 -5.54248192323721 13.6382265397331 0.0224624614979406
1220000 60.8775 0.00975778194554109 -0.01564902 0.00509312564403699 0.0102685806910336 -0.93157555562665 0.00608090099133903 -5.55548023404088 13.7762423175391 0.000576621704913859
1225000 61.1275 0.00974200220318267 -0.01554902 0.00501715159755106 0.0105149887829217 -0.92735736139256 0.00498372852611998 -5.55080981291883 14.5581574791013 -0.00758523944986603
1230000 61.3775 0.00977510278428764 -0.01544902 0.00486135288223318 0.010799284895674 -0.899365170938523 0.00405032407667544 -5.58454472407411 13.7829421941338 -0.012138369985473
1235000 61.6275 0.00973117540195105 -0.01534902 0.00478394423112645 0.00994709908312155 -0.881660348212034 0.00599537324279015 -5.58910863424353 13.6774482840724 -0.0343827911607694
1240000 61.8775 0.00965088156475517 -0.01524902 0.00481492143601459 0.0104665687821921 -0.851465764382957 0.00548480146616184 -5.57061721100938 12.9061571948755 0.0148434493615288
1245000 62.1275 0.00963440752756979 -0.01514902 0.00472946821541669 0.0112757888684559 -0.843653295611813 0.00337763094719178 -5.5580001035246 12.1654013007108 0.0279042548589621
1250000 62.3775 0.00942621921045538 -0.01504902 0.00485847429316563 0.00955616759844112 -0.837449085171161 0.00650143343277931 -5.47011832861542 11.5648551567112 -0.0110831798549076
1255000 62.6275 0.0093616116223905 -0.01494902 0.0048620383372076 0.0105812404890703 -0.80945547976583 0.00534936598214207 -5.4522032794353 11.6164773798594 -0.0174773401804806
1260000 62.8775 0.00942838048702847 -0.01484902 0.00464812241191076 0.0113052814084071 -0.810900414215097 0.00390692896630422 -5.48173348075423 11.2972294718287 -0.008726978945099
1265000 63.1275 0.00931868566727032 -0.01474902 0.00468161799652423 0.00898775782150429 -0.768224661318809 0.00571952579040017 -5.47711211738519 12.1498253834015 -0.0141528483837244
1270000 63.3775 0.00938040928627942 -0.01464902 0.00451751120292326 0.0112275740310723 -0.749611928952555 0.00535389435333011 -5.5142510196799 12.7428943971686 0.022401403253924
1275000 63.6275 0.00939854706799236 -0.01454902 0.00436567461054176 0.0112410159395001 -0.745935866307814 0.00481418777953433 -5.52831728429217 13.4928207086609 0.0232191529186791
1280000 63.8775 0.00923094133113926 -0.01444902 0.00445616275636293 0.00920229176481676 -0.730720953232302 0.0047094148895943 -5.46435883953073 14.2303216680333 -0.0182933160929779
1285000 64.1275 0.00910653041179382 -0.01434902 0.00448109340458772 0.0105693188731344 -0.744153580304265 0.00531666224346019 -5.379609644825 15.4499737926444 -0.020035419357109
1290000 64.3775 0.00910210561399746 -0.01424902 0.00442346798321178 0.0114497798625587 -0.71183094274775 0.00503403972691193 -5.40431300540903 15.2486682394167 -3.74179307502004e-05
1295000 64.6275 0.00889652588694209 -0.01414902 0.00453412135927223 0.00957297702106408 -0.721433894620005 0.00538966823476654 -5.2971285271962 15.7597275587145 0.008808909730291
1300000 64.8775 0.00893464910157298 -0.01404902 0.00437202806835461 0.0104462818508588 -0.70239059566657 0.00495228365630014 -5.32702519211501 15.7760989135901 0.0124509170036944
1305000 65.1275 0.00896088182555158 -0.01394902 0.00423137063503743 0.0107211054658047 -0.68489180480423 0.00487785961018191 -5.36031646173284 15.8227883882112 0.00939161740207886
1310000 65.3775 0.00889254723415175 -0.01384902 0.00421331270753941 0.0100873274580021 -0.655316532036916 0.00527863911949735 -5.35383220586852 15.5700797644429 -0.0147189193970286
1315000 65.6275 0.00892093017166979 -0.01374902 0.00405412440126624 0.0108077281504645 -0.654765157119873 0.00492361024786796 -5.36396236472614 15.8741896691849 -0.0276048472504656
1320000 65.8775 0.00880398565379987 -0.01364902 0.00410794701976719 0.0102918839392929 -0.630788742035878 0.00537478370781428 -5.33004525352675 15.8032118248805 0.000262883696571946
1325000 66.1275 0.00871328062139416 -0.01354902 0.00411594479294361 0.0109432828281194 -0.624315545316626 0.00483320922318677 -5.28312761453287 15.947601043531 0.0303014875713351
1330000 66.3775 0.00858400835343492 -0.01344902 0.00412148422744276 0.0100927885817862 -0.648536916337733 0.00485089864926874 -5.1945812094245 16.6701444900727 0.00715512600856391
1335000 66.6275 0.00845817968280272 -0.01334902 0.00416830277480956 0.0097857372266087 -0.646303995987117 0.00569643505716021 -5.1409543787958 16.9635450840032 -0.000800338083601177
1340000 66.8775 0.0084419629338835 -0.01324902 0.00405173911890739 0.0115612040230768 -0.659955199482238 0.00464276345244884 -5.11099802711454 17.4066790966483 -0.0191356313833812
1345000 67.1275 0.00839939089907382 -0.01314902 0.00394151355040811 0.00979700115291288 -0.677619032676777 0.00511584438352997 -5.08212690272566 17.7494321126548 -0.019207573620617
1350000 67.3775 0.00835162840690779 -0.01304902 0.0038983989044613 0.0104571404891587 -0.658668917306823 0.00532800779502678 -5.07780138677983 17.743259787799 0.00509029968477686
1355000 67.6275 0.00832173825244494 -0.01294902 0.00381191467568474 0.0107980791279075 -0.654182786264163 0.00485120023842834 -5.06220957760424 17.895412234407 0.0285619540235553
1360000 67.8775 0.00827490156026332 -0.01284902 0.00376868753765777 0.00991413176691965 -0.642444362794752 0.00504916603802238 -5.04917099698078 17.9552135312012 0.00542782577196977
1365000 68.1275 0.00816813376057006 -0.01274902 0.00384505226732445 0.0112313387772519 -0.602137343561453 0.00536842921915485 -5.02875273619272 17.789743123837 -0.0210970094430446
1370000 68.3775 0.00807656662289237 -0.01264902 0.00380025690290792 0.00996836464146291 -0.616169639807675 0.00476088687923581 -4.96589264341993 18.1062200473456 -0.00755028769322921
1375000 68.6275 0.0080023988517073 -0.01254902 0.00380228473746831 0.0101080569796119 -0.599769548196404 0.00560111485639753 -4.94298475870899 18.143119172652 -0.0077215754264635
1380000 68.8775 0.00797916175771723 -0.01244902 0.00371298787565758 0.0110782964944389 -0.601139860885786 0.0044423672337385 -4.93289266779578 18.3408139360617 0.00625322777711019
1385000 69.1275 0.00788233007049303 -0.01234902 0.00365287613977343 0.0098865358660501 -0.625764646358534 0.00547893213451704 -4.86180714597786 18.7008080187833 0.0257166737097982
1390000 69.3775 0.00787784136687218 -0.01224902 0.00355183206440376 0.0109250805172515 -0.626979880956969 0.00524927808402994 -4.85839973228062 18.877139600114 -0.00641711405684465
1395000 69.6275 0.00784773159962904 -0.01214902 0.00348305857658424 0.0105084741833391 -0.614641657337462 0.00445103007780337 -4.85864261763408 18.9216151261639 -0.0323250469971039
1400000 69.8775 0.00768810074219088 -0.01204902 0.00354912549145948 0.00988406281065231 -0.604041225928614 0.00541484634820895 -4.77877776087438 18.9975123114331 0.00302527560466392
1405000 70.1275 0.00766260839897709 -0.01194902 0.00350804759906159 0.0104840874932969 -0.582421705008679 0.00505907904082639 -4.78819136848907 18.9921984496181 0.00706664122994303
1410000 70.3775 0.00759489461873695 -0.01184902 0.00350533425928525 0.0108742941782965 -0.572523939315753 0.0051092552945884 -4.75852037821047 19.0846638702529 0.0148471493663369
1415000 70.6275 0.0075015721848987 -0.01174902 0.00348021694644838 0.0105969872470122 -0.568420814925028 0.00532761086690422 -4.70956680795241 19.1986949847321 0.0175026278487241
1420000 70.8775 0.00748637272852571 -0.01164902 0.00338880078098617 0.0101768584268553 -0.55787458462547 0.0048456118178844 -4.7188088569652 19.2631448663064 -0.0134420991368263
1425000 71.1275 0.00744742594003577 -0.01154902 0.0032979611140342 0.0103480962060129 -0.57225951419583 0.00526358857272517 -4.68670445778639 19.5083308796327 -0.0345684211372233
1430000 71.3775 0.00734073470430376 -0.01144902 0.00327661506323944 0.00994945581749494 -0.581937513583048 0.00461335369872641 -4.62100182913231 19.7089701814894 -0.00258697341519231
1435000 71.6275 0.00735760474028754 -0.01134902 0.00317211934861539 0.0110079089095416 -0.577279453622273 0.00531869437182428 -4.63646355105468 19.8245143241464 0.0262453673298291
1440000 71.8775 0.00722164468775717 -0.01124902 0.00322525602820755 0.0112039264969599 -0.570298575079196 0.0054405894765195 -4.56879687981501 19.9137159540447 0.00598962697101226
1445000 72.1275 0.00707552883433314 -0.01114902 0.00328587990884994 0.00924013851239915 -0.551395241538734 0.00474340327166604 -4.50647953184218 19.9302002529225 0.0058981035147433
1450000 72.3775 0.00715680543905683 -0.01104902 0.00312832356391168 0.0109426641474202 -0.532499838989779 0.00491475110411357 -4.56855243419756 19.9325788317546 -0.0054060052098931
1455000 72.6275 0.0069790033049101 -0.01094902 0.00321408516094227 0.0106884135708413 -0.527496067620877 0.00563477537320418 -4.4783570117407 20.0335130141847 -0.0325563364022355
1460000 72.8775 0.00698928284688509 -0.01084902 0.00307614119171754 0.0100506797024982 -0.522813068921823 0.00450838227431452 -4.48715662377515 20.1214578803324 0.00287457846692761
1465000 73.1275 0.00701741722051586 -0.01074902 0.00292933150573976 0.0103549103585836 -0.524316937372878 0.00525478262910209 -4.50743171225123 20.2505289101218 0.0241690121877808
1470000 73.3775 0.00684268941519502 -0.01064902 0.00299165080440167 0.0109289726114438 -0.538654766570532 0.00528106573996885 -4.39920338603082 20.467012990515 0.00832362446327856
1475000 73.6275 0.00682393584942911 -0.01054902 0.00290965642752161 0.00986626672250893 -0.52872104709475 0.00480219307466672 -4.39953013207696 20.5232211272895 -0.013048717555715
1480000 73.8775 0.0067699213955781 -0.01044902 0.00288633377793096 0.0111423435995132 -0.52695255662462 0.00537139555557137 -4.37444651799039 20.6579107748535 -0.0102205602418678
1485000 74.1275 0.00655920953338724 -0.01034902 0.00302073328962147 0.0101371035995703 -0.51469541682748 0.00506400976399096 -4.26978125163721 20.7108630727204 -0.00977028371422231
1490000 74.3775 0.00658287399833708 -0.01024902 0.00289822734834224 0.00985830069273846 -0.492740050874157 0.00497876739610943 -4.30219975304804 20.6787798854437 0.00252004587965434
1495000 74.6275 0.00661185318308652 -0.01014902 0.00278071449917694 0.0109980134274614 -0.489347508348883 0.00470486129120881 -4.32300059634271 20.7890334887361 0.0285709025550042
1500000 74.8775 0.00643223441256771 -0.01004902 0.00286244410422759 0.0107179770442039 -0.482200270467991 0.00563593789039159 -4.2330836147624 20.8630221024528 0.00113536820196527
1505000 75.1275 0.00653636464342954 -0.00994902 0.00261205774149484 0.0100302789417315 -0.480930413906798 0.00527597660025067 -4.29247033512053 20.9428195527788 -0.0243175024892233
1510000 75.3775 0.00643492805059773 -0.00984902 0.00261435549304706 0.0109531398591399 -0.491770965833715 0.00462467363539334 -4.23048404455321 21.1314454536452 -0.0142624987909052
1515000 75.6275 0.00626601869483674 -0.00974902 0.00268199735791973 0.00974680255284788 -0.491002434297551 0.00472876635403371 -4.14050063851046 21.2438351306875 -0.0010390082715548
1520000 75.8775 0.00629331535728502 -0.00964901999999999 0.00256957276504792 0.0103437622139657 -0.479697093868373 0.00546717218037416 -4.16306725551636 21.2924200628319 0.0151628006089818
1525000 76.1275 0.00611751984768885 -0.00954902 0.00268806377959081 0.0114720779740367 -0.476127344736226 0.0049292000927233 -4.07147800180483 21.411780427542 0.0200273533094732
1530000 76.3775 0.00601812854158854 -0.00944902 0.00269521781590133 0.00957377820958098 -0.455601646360034 0.0057054088017524 -4.03938022340276 21.3965171607933 0.0089808334460537
1535000 76.6275 0.00612264042186727 -0.00934902 0.00247347274961326 0.0106085148760458 -0.44518388621796 0.00476942484637464 -4.10092333492992 21.4305586652181 -0.0303344298779406
1540000 76.8775 0.0060216985350668 -0.00924902 0.00247691528596204 0.0108790089891656 -0.445327384226984 0.00457018802200813 -4.05190093125742 21.5494016665188 -0.0258118195595917
1545000 77.1275 0.00596817669498073 -0.00914902 0.00240639052365071 0.00959120777105385 -0.43859681229251 0.00584523798250076 -4.03071145656157 21.6013872221594 0.015065319420882
1550000 77.3775 0.00605116293886819 -0.00904902000000001 0.00220238871402543 0.011059849258144 -0.446245783150989 0.00431672732508377 -4.06613996890212 21.7439488006375 0.0101618260977615
1555000 77.6275 0.00577389361148832 -0.00894902 0.00242050132060923 0.0108038301212718 -0.446271183414453 0.00530849794503572 -3.92060935269265 21.8790988923407 0.0126846323711976
1560000 77.8775 0.0057425731848116 -0.00884902000000001 0.00234222549219759 0.00968376494375036 -0.436661744519492 0.00588804811876721 -3.91094105267495 21.9214833895671 0.0105227213762884
1565000 78.1275 0.0057027804013714 -0.00874902 0.00231225323605127 0.0109790529682748 -0.429197211789035 0.00365863628503654 -3.89134711792135 21.9941075832312 -0.0294391899785496
1570000 78.3775 0.00551209225322784 -0.00864902 0.0024332067897899 0.0100346771672158 -0.418193629628614 0.00612236651122532 -3.80461915191468 22.0526738251257 -0.011101365770945
1575000 78.6275 0.00559844182865936 -0.00854902000000001 0.00222244113941016 0.0104439413017259 -0.40155504087473 0.00539260909728504 -3.86079751579961 22.0447971908252 0.0184522066495796
1580000 78.8775 0.00561643899743141 -0.00844902 0.0020999611867994 0.0108843062247243 -0.401764814737948 0.00384247508944312 -3.87344510688607 22.1477305756668 0.0162389610312101
1585000 79.1275 0.00544955975185479 -0.00834902000000001 0.00216459715987923 0.0100673162977764 -0.399224536246869 0.00632416234931288 -3.79233627104888 22.241259483974 -0.0117874181074526
1590000 79.3775 0.00555040362450409 -0.00824902000000001 0.00193016924607762 0.010636311713029 -0.398688548298364 0.00477800161967137 -3.84100152771501 22.3132124912137 0.00658321944741211
1595000 79.6275 0.00540454859728335 -0.00814902000000001 0.00200064272438754 0.0109037395070397 -0.402964601104376 0.00399320734073079 -3.75993397569529 22.455566929683 -0.0242894624814747
1600000 79.8775 0.00515673803907843 -0.00804902000000001 0.00217945345614948 0.00944205895774902 -0.394952365374158 0.00663439058719698 -3.63767309686851 22.5292866912476 -0.0101518062901657
1605000 80.1275 0.00526190183100677 -0.00794902 0.00197105180644313 0.0110885793378308 -0.386424176965823 0.00363003645288002 -3.69153662553718 22.5706159970901 0.0297075568483149
1610000 80.3775 0.00504267357902281 -0.00784902 0.00213656127892262 0.0104378499809759 -0.377382547787135 0.00599325811737409 -3.58754804194428 22.6460049427665 0.0255116756389912
1615000 80.6275 0.00507245922805153 -0.00774902 0.00199047753399207 0.0101577633015749 -0.365113707530624 0.0052963814065166 -3.61525117553614 22.6702191640562 -0.0157494060437728
1620000 80.8775 0.00517668606808149 -0.00764902000000001 0.00176330114208922 0.0110553088062833 -0.357364872646972 0.00467675974852608 -3.67591828285569 22.7069282490674 -0.0140649681701696
1625000 81.1275 0.00498525768563804 -0.00754902000000001 0.00184927234029034 0.00961357191872174 -0.359374456970174 0.00510951731243208 -3.58002787340208 22.8171677740907 -0.019188115053364
1630000 81.3775 0.00501739125793354 -0.00744902000000001 0.00170431082449232 0.0103109032478203 -0.357139108554049 0.00494842881588404 -3.59590596669333 22.8958749853516 -0.0147464758672862
1635000 81.6275 0.00499109846755114 -0.00734902000000001 0.00164898990147521 0.0113889944941487 -0.356846929183696 0.00472009542344552 -3.57586138391897 22.9885349838563 0.029746119372006
1640000 81.8775 0.00468851902600509 -0.00724902000000001 0.0018906066219031 0.00986195652102177 -0.353093541694525 0.00571380337218881 -3.42219879798188 23.0893733403446 0.0234177551356512
1645000 82.1275 0.00470879102140703 -0.00714902000000001 0.00177667364149297 0.0108391498313051 -0.342478442637965 0.00536438683751844 -3.43537553470042 23.1270971540094 -0.00780516582242778
1650000 82.3775 0.00466816428394849 -0.00704902000000001 0.00172862639339229 0.0106383227545047 -0.33535612542961 0.00430355045353934 -3.4186556959457 23.1812115061429 -0.0174938535729981
1655000 82.6275 0.00448521702113496 -0.00694902000000001 0.00182221404355057 0.00933409820244232 -0.324057826274833 0.00572648850127229 -3.33822906490878 23.2290777382852 -0.010086485997468
1660000 82.8775 0.00471182792009303 -0.00684902000000001 0.00146740290938587 0.0115305360704426 -0.317011392641637 0.00472439896357105 -3.46067245064875 23.2699710026404 -0.0118771059339172
1665000 83.1275 0.00459538998409613 -0.00674902000000002 0.00148077017411159 0.0101708705167875 -0.315195344015145 0.00478681492107649 -3.40532642469222 23.3415271025906 0.0181102127814506
1670000 83.3775 0.00445763398898758 -0.00664902000000002 0.00151718393464882 0.00991655588427247 -0.315395666111604 0.00609177615739486 -3.33307050982011 23.4463114165183 0.0264876519659933
1675000 83.6275 0.004568877458384 -0.00654902000000001 0.00130985468086512 0.0115351082831155 -0.312465909119085 0.00436310363546615 -3.38733995542915 23.5108741504078 -0.0159052747277997
1680000 83.8775 0.00424238718717093 -0.00644902000000001 0.00156924709632 0.00988886954430695 -0.310136951976498 0.00468616313360122 -3.21523968447412 23.6050380793679 -0.0268631049080898
1685000 84.1275 0.00416582550425412 -0.00634902000000001 0.00156519312729583 0.00992861333860492 -0.301496958390382 0.00618517295218915 -3.18217215807519 23.6678373820706 0.00551011813247829
1690000 84.3775 0.0042342054647531 -0.00624902000000002 0.00140768872856119 0.0113930125268311 -0.292594209248094 0.0037618595760101 -3.21807925219299 23.7025444201395 0.00912579602712989
1695000 84.6275 0.00403259852472627 -0.00614902000000002 0.00152011607876812 0.00930911112193151 -0.283994326020725 0.00587680700680857 -3.1259534533406 23.7524898143599 0.0107465146728701
1700000 84.8775 0.0041570869647106 -0.00604902000000002 0.00128042759090023 0.0110033338878555 -0.275658131831018 0.00549551521235026 -3.19964620556024 23.8047767947464 0.00868740619562244
1705000 85.1275 0.00419754129360037 -0.00594902000000002 0.00111855368681866 0.0111127015368015 -0.275587709557388 0.00406837079657976 -3.22141131557 23.8662933222636 -0.0213082345254536
1710000 85.3775 0.00396756177163627 -0.00584902000000002 0.00125745975107467 0.0094381826040417 -0.270811167720532 0.00619652718118729 -3.10580481994332 23.9412400685841 -0.0297396030830215
1715000 85.6275 0.00408166139936548 -0.00574902000000002 0.00104191274523588 0.0112520900168814 -0.270636174193305 0.00433321765758708 -3.1628626031939 24.0282680136878 0.00475327330222308
1720000 85.8775 0.00382106693306584 -0.00564902000000002 0.00123712468759274 0.0101829590422139 -0.265872574818984 0.00494720047330335 -3.02159316647613 24.0954282459446 0.0147902403415221
1725000 86.1275 0.00366878725353918 -0.00554902000000002 0.00131637151546334 0.00964326820991222 -0.259295737280835 0.00555380751884245 -2.94674796413331 24.1665119778863 0.0154860663801228
1730000 86.3775 0.00375759635177742 -0.00544902000000002 0.00114297848042571 0.0119056484630279 -0.250549964596609 0.00475144859102934 -2.99661567838029 24.2143393142078 0.0159307516650221
1735000 86.6275 0.0035504687956215 -0.00534902000000003 0.00125099793745689 0.00936207957119592 -0.24479518433057 0.00573918058493331 -2.89358910330953 24.2621189236082 -0.0180404927182461
1740000 86.8775 0.00368284883023232 -0.00524902000000003 0.0010016328155279 0.0105110659097664 -0.236140416342478 0.00445026047108707 -2.97615375020543 24.3053568153553 -0.0344272924797978
1745000 87.1275 0.00371624595073941 -0.00514902000000003 0.000855539063393528 0.0114791986818302 -0.233548129392366 0.00520810131035229 -2.99590138176555 24.3714925102072 -0.0083092171678452
1750000 87.3775 0.00352061738241901 -0.00504902000000002 0.000949916249543569 0.00913170090477229 -0.231115332845957 0.0052551241811613 -2.89366495019364 24.4339562784672 0.0276403411108788
1755000 87.6275 0.0035833285845816 -0.00494902000000002 0.000804963919242724 0.0111937632663618 -0.22513535177603 0.00458692150298878 -2.9308424328709 24.5037870821226 0.015231179737556
1760000 87.8775 0.00339807061909781 -0.00484902000000003 0.000910967466958212 0.0105559598512298 -0.225025907785293 0.00543102894827948 -2.82711882941483 24.5910303467855 0.0053048290409163
1765000 88.1275 0.00316060677161216 -0.00474902000000003 0.00108649272017628 0.00958612334864147 -0.216447856155424 0.00496155874430278 -2.70116425484617 24.6393423232001 -0.00795591586613444
1770000 88.3775 0.00330384804771174 -0.00464902000000003 0.000853158771522604 0.011345463948898 -0.208196657304771 0.00495801249961626 -2.78833588905285 24.6921014609074 -0.0223591097875652
1775000 88.6275 0.00308011303332091 -0.00454902000000003 0.000978894375173621 0.00993398979425159 -0.206470350987248 0.00575569507518951 -2.66579146865926 24.7598330191423 -0.0110243045294843
1780000 88.8775 0.00314953202844526 -0.00444902000000003 0.000798133204950966 0.0102267616951068 -0.196191677449472 0.00453547959807532 -2.71415759125477 24.7911421526968 0.0258326844058285
1785000 89.1275 0.00327362095625594 -0.00434902000000003 0.000556995302209589 0.0113496453520656 -0.192285472320859 0.00494822110171273 -2.79173705086767 24.8471005238704 0.00648162227993971
1790000 89.3775 0.00305629354038632 -0.00424902000000003 0.0006772566372554 0.00962592756233924 -0.191624917558853 0.00573716088935546 -2.6714977360127 24.9206923170787 -0.0107522398725304
1795000 89.6275 0.00308954767378075 -0.00414902000000003 0.000559461143473583 0.0107365679480429 -0.183533891012777 0.00414768037314373 -2.6939488208542 24.9685882988268 0.00180013357201407
1800000 89.8775 0.00296717756929503 -0.00404902000000003 0.000604259957802263 0.0105778766231477 -0.180625909351904 0.00559869344084804 -2.63267463246232 25.0439223226368 -0.0182583526433946
1805000 90.1275 0.00272172465879981 -0.00394902000000003 0.000786390821521577 0.0101531659706207 -0.176819586663855 0.00509777016320064 -2.49084727434978 25.1143992575245 -0.00797559011136646
1810000 90.3775 0.0027298197197768 -0.00384902000000004 0.000695428655102533 0.01060233402866 -0.168276656951634 0.00477802771201735 -2.50431602318806 25.1582278253147 0.0335451607347971
1815000 90.6275 0.00272513382893986 -0.00374902000000004 0.000593467577464601 0.010379431789118 -0.165100906867178 0.00556727971251283 -2.51043147104555 25.2194738073628 0.0151898086935673
1820000 90.8775 0.00260017728379995 -0.00364902000000004 0.000624101955703571 0.010632648199348 -0.157766003826513 0.00503354459952977 -2.43776278524887 25.2653003048374 -0.0195576264444574
1825000 91.1275 0.00277203396876331 -0.00354902000000003 0.000323397783440813 0.0101805295909719 -0.15230883860397 0.00480365640195269 -2.5536877295041 25.3061903131459 -0.0133128304549501
1830000 91.3775 0.00265886701274019 -0.00344902000000003 0.000342800739728365 0.0108001239148078 -0.149917373592313 0.00554116769646653 -2.4888262584067 25.3717778371923 -0.0166679243398833
1835000 91.6275 0.00257186999497374 -0.00334902000000003 0.000350222040271073 0.0105560650903479 -0.144976195042377 0.00452994716727223 -2.43914718708234 25.4301590485198 -0.00712676294640013
1840000 91.8775 0.00249137066225956 -0.00324902000000004 0.00034004956698501 0.00985191317032369 -0.141048254615206 0.00534875147674075 -2.40602249174269 25.4948407328673 0.0392429123868196
1845000 92.1275 0.00234373588606316 -0.00314902000000003 0.000429687670499046 0.0111066711399975 -0.135495285013246 0.00497821200608141 -2.31839667438965 25.5568744897019 0.0227687603124576
1850000 92.3775 0.00219177862133881 -0.00304902000000004 0.000506854458164641 0.00986321896155514 -0.13001898047303 0.00495780060024847 -2.23705277347249 25.6107786355051 -0.0173077588108457
1855000 92.6275 0.00221422851207177 -0.00294902000000005 0.000374203334064698 0.0102165389572186 -0.127042096426222 0.00541394357116075 -2.2606545081423 25.6688423196955 -0.022231929788249
1860000 92.8775 0.00224133407723842 -0.00284902000000004 0.000251513855197394 0.0114547907122341 -0.121307191510148 0.00457879318412063 -2.27493392363112 25.7193700136323 -0.0157378187821363
1865000 93.1275 0.00212768563528002 -0.00274902000000004 0.000253220093574728 0.00927416342360956 -0.116770114029829 0.00562957580651084 -2.22244490562378 25.7627048535449 -0.0116988253871846
1870000 93.3775 0.00231145038937731 -0.00264902000000003 -4.84535495157929e-05 0.0111018092866854 -0.113638993949409 0.00468208207450569 -2.33335125759062 25.8175929943186 0.0239533660674628
1875000 93.6275 0.00208203573003842 -0.00254902000000004 0.000115219300026803 0.010682547721576 -0.107121522855122 0.00536923371558657 -2.20328152973588 25.8677257565338 0.0240159265643721
1880000 93.8775 0.00200462973285005 -0.00244902000000004 0.000110102755437778 0.00997030092967948 -0.103667662429415 0.00484479243453999 -2.16534777776721 25.9286759628041 -0.0048820225666911
1885000 94.1275 0.00192697955905876 -0.00234902000000004 0.000110598984949523 0.0108553197238244 -0.0993133849804209 0.00512433856884957 -2.12626646594966 25.9928153579544 -0.0155873302849314
1890000 94.3775 0.00170530856698465 -0.00224902000000004 0.000267711124236677 0.0104750324527562 -0.095907174399995 0.00528644782694136 -1.99519079370545 26.0508706941286 -0.00955064962685639
1895000 94.6275 0.00171800987703632 -0.00214902000000005 0.000153970951181687 0.0101602249423475 -0.0928786356367256 0.00497357954774012 -2.01157296335131 26.1044679838726 -0.00294401833215123
1900000 94.8775 0.00173767302263516 -0.00204902000000005 2.69636630532982e-05 0.0104007878264195 -0.087443384514308 0.00520885679706585 -2.03332297309872 26.1549941554666 0.00425710913288221
1905000 95.1275 0.00167895621226917 -0.00194902000000004 -1.57120457129818e-05 0.0106968319345159 -0.0840572291998743 0.00497139629630537 -1.99701188895461 26.2023125057292 0.0190185605923585
1910000 95.3775 0.00177018373629725 -0.00184902000000004 -0.000223794939009632 0.00999182602873713 -0.0811925376817216 0.00487645949703419 -2.06483549145667 26.2458495210244 -0.00387967470018304
1915000 95.6275 0.00166021757252706 -0.00174902000000004 -0.000194814927284347 0.0109183144779538 -0.0754873039271846 0.0054993810675881 -2.00372910872613 26.3041287406555 -0.0194545576441463
1920000 95.8775 0.00152505586039877 -0.00164902000000005 -0.000128645572853263 0.0106132246235624 -0.0700258412840531 0.00458565016418841 -1.92768922934725 26.3480786954638 -0.00784454241150093
1925000 96.1275 0.00145407631560294 -0.00154902000000005 -0.000144025699491662 0.00977614777086214 -0.0684378603406944 0.00549305509185424 -1.8973900286879 26.4149512922106 0.0118757352195
1930000 96.3775 0.00124966599303498 -0.00144902000000005 4.31006758507643e-06 0.0111357813403054 -0.0640382908814307 0.00501357425424536 -1.77453125234488 26.4752674617216 0.00218929259743329
1935000 96.6275 0.00121734810970148 -0.00134902000000005 -6.45846874365935e-05 0.00998816364681327 -0.0626727052681928 0.00476032702389786 -1.76158913302612 26.5260990061156 0.0219285483293914
1940000 96.8775 0.00124123598335937 -0.00124902000000004 -0.000192969304418783 0.0103042882431785 -0.0602943600164037 0.00566266852180713 -1.78635805956774 26.5806295566762 -0.0011802133603565
1945000 97.1275 0.00118569689654097 -0.00114902000000005 -0.000239568185575252 0.0110227337027777 -0.057331115368029 0.00452353956659301 -1.752036254973 26.6347552416399 -0.0304606753597592
1950000 97.3775 0.00124460628438578 -0.00104902000000005 -0.000408195501414324 0.00977785585945921 -0.0522275856498558 0.00545052507524757 -1.79955884099186 26.667138019793 -0.0263738914076914
1955000 97.6275 0.00125168245031679 -0.00094902000000005 -0.000508629620762933 0.0110196955912541 -0.0469401250132356 0.00494965166184913 -1.81043538404308 26.7150957925733 0.012255902578347
1960000 97.8775 0.00100904795836267 -0.000849020000000049 -0.000334237157236397 0.0101199479813974 -0.045811150859955 0.00466467661701492 -1.67012765115785 26.7765075520995 0.00985968729069573
1965000 98.1275 0.000984802269385131 -0.000749020000000054 -0.000389941201205922 0.0103533021699383 -0.0382453659858343 0.00578061787341633 -1.66365851244851 26.8175306112223 0.0229308138726908
1970000 98.3775 0.00084146556555116 -0.000649020000000062 -0.00032064210819298 0.0111776674607531 -0.0392632407396733 0.00439075328093098 -1.58042876877487 26.8902780121105 0.019112080784591
1975000 98.6275 0.000631063539334532 -0.000549020000000055 -0.00017829229014315 0.00959863692320776 -0.0365504083148752 0.00567262740478711 -1.46287246444408 26.9425188317396 -0.0295931829294008
1980000 98.8775 0.000726296477220016 -0.000449020000000049 -0.000397767257746891 0.0106079093864209 -0.0348996025009916 0.00508815672446392 -1.5218292432586 26.9928489836533 -0.0302369238209205
1985000 99.1275 0.000726851827640363 -0.000349020000000045 -0.000499173491022065 0.0106527588630818 -0.0333063441547587 0.00479860025524016 -1.53177669038244 27.0488151011927 -0.00804811831257055
1990000 99.3775 0.000652647137951977 -0.000249020000000053 -0.000517496748618747 0.0103923367970572 -0.029263052363681 0.0053456970149104 -1.48885185955772 27.0889054341657 0.00437124398390846
1995000 99.6275 0.000749797199047355 -0.000149020000000058 -0.000730456017482996 0.010081471147284 -0.0240885115486863 0.00480681240763008 -1.55967267543523 27.1221019605958 0.0203506392383374
2000000 99.8775 0.000647535383548292 -4.90200000000573e-05 -0.000697427568636739 0.0112266598950102 -0.0205518522762744 0.0046842680900695 -1.50168424442971 27.1816753343118 0.0298810102788665
2000000 99.8775 0.000647535383548292 -4.90200000000573e-05 -0.000697427568636739 0.0112266598950102 -0.0205518522762744 0.0046842680900695 -1.50168424442971 27.1816753343118 0.0298810102788665
2005000 100.1275 0.000383469047253695 0 -0.000451640320979525 0.00967281744911056 -0.016896401447081 0.00567703495239317 -1.35187459343879 27.2001851562727 -0.00492889398223264
2010000 100.3775 0.000519101212647193 0 -0.000588451381171467 0.0107295997888134 -0.0181200036296247 0.00442742740992515 -1.43008242861717 27.2042390767885 -0.0273767004909893
2015000 100.6275 0.000315074561425891 0 -0.000357746724526991 0.0108151367368262 -0.0208141396877353 0.00588482516607648 -1.30408445983434 27.2262993789043 -0.0106836250574962
2020000 100.8775 0.000364229653775664 0 -0.000421486970386697 0.00970314277790658 -0.0231613161955046 0.00456265927988133 -1.33375223050324 27.2234635851119 -0.00306901475288785
2025000 101.1275 0.000477941851368484 0 -0.000570291007348712 0.010928115687672 -0.0264878061521476 0.00547912788480628 -1.39877216467865 27.2324410198567 0.0105608694034353
2030000 101.3775 0.000516693684584866 0 -0.000602280375547396 0.0101979538211175 -0.0215771341606575 0.00497104141203849 -1.42687899528143 27.2172060495204 0.0142873465464234
2035000 101.6275 0.00061245447802417 0 -0.000714674793952352 0.0106162440374421 -0.0205640324686821 0.00487999825946336 -1.4815832315521 27.2038039134215 0.0142607442113676
2040000 101.8775 0.000628591120630942 0 -0.000727784243562309 0.0106240022628655 -0.0177031300202872 0.00548330871546756 -1.49900354174328 27.1943233325252 -0.0249362465824549
2045000 102.1275 0.000528060857487827 0 -0.000601363297971922 0.0102402190079878 -0.0163074914838094 0.00433303022829394 -1.435501513588 27.1991179855011 -0.0144936216927206
2050000 102.3775 0.0003969661875853 0 -0.00046362759168164 0.010651608927972 -0.0179482705139436 0.00589688858528056 -1.35780843112499 27.2035576835125 0.0117508880450949
2055000 102.6275 0.000447763632673447 0 -0.000499917588140386 0.0102960068737034 -0.0190827504178859 0.00454585914916307 -1.3876581621363 27.2160176448901 0.0038620095819124
2060000 102.8775 0.000251618887966664 0 -0.000305457370817432 0.0101043273759781 -0.0243244294464799 0.00571499567731669 -1.26373279383035 27.2325472739833 0.014037883274599
2065000 103.1275 0.00051870454701021 0 -0.000602274515024053 0.0110688408920963 -0.0243455955879765 0.00455259035795273 -1.42165882190897 27.226010282947 0.00370180236806567
2070000 103.3775 0.000464807463366327 0 -0.000556627214301566 0.00975693797442062 -0.0254433773910525 0.00516568811854738 -1.3951072916627 27.2281548989198 -0.0201186374419256
2075000 103.6275 0.000554852736029026 0 -0.000645704592310975 0.0108821601399821 -0.0197091223595093 0.00544144779013083 -1.44937072265925 27.2060923638924 -0.0300689832435383
2080000 103.8775 0.000660378414851742 0 -0.000767652565521452 0.0104105938107039 -0.0169831313083544 0.00442834985291243 -1.51723433679756 27.1902597109992 0.0143699696077105
2085000 104.1275 0.000514066030312687 0 -0.000595888974951442 0.0101485493581738 -0.0167579707514276 0.00526254866420048 -1.4290560342825 27.198999162673 0.0160591143760101
2090000 104.3775 0.000439627628587431 0 -0.00050040245093495 0.0106091453974645 -0.0165023542311991 0.00503366549671903 -1.38360723095387 27.2001486555793 0.0153711250469795
2095000 104.6275 0.000450130626698329 0 -0.000512763171154455 0.0105844543967041 -0.0178444524733395 0.00506605255613918 -1.39179912555671 27.2041887065829 0.0114593952181274
2100000 104.8775 0.000300228365297808 0 -0.000353598800842233 0.0103560281331884 -0.0255224307718735 0.0052479521142638 -1.29113483955059 27.239547807897 -0.0139768671083124
