VARIABLES= "Time" "Px_mean" "Py_mean" "Pz_mean" "Px_min" "Px_max" "Px_std" "Px_var" "Py_min" "Py_max" "Py_std" "Py_var" "Pz_min" "Pz_max" "Pz_std" "Pz_var" "|Px|_mean" "|Py|_mean" "|Pz|_mean" "|P|_mean" "qdiff_absmax"
0.000000e+00 -4.123083e-02 2.654991e-02 -3.873155e-03 -1.716631e-01 1.649260e-01 1.205627e-01 1.453537e-02 -1.858276e-01 1.906476e-01 1.446501e-01 2.092366e-02 -1.774589e-01 1.870711e-01 1.395927e-01 1.948612e-02 1.260213e-01 1.457513e-01 1.385387e-01 2.391104e-01 0.000e+00
1.000000e+04 -4.070925e-02 2.640102e-02 -3.961513e-03 -1.859651e-01 1.699158e-01 1.212993e-01 1.471352e-02 -1.865192e-01 1.880378e-01 1.437795e-01 2.067254e-02 -1.830867e-01 1.781179e-01 1.412551e-01 1.995299e-02 1.265663e-01 1.448775e-01 1.402129e-01 2.398165e-01 0.000e+00
2.000000e+04 -4.148672e-02 2.662407e-02 -4.365126e-03 -1.773236e-01 1.699538e-01 1.217312e-01 1.481849e-02 -1.889804e-01 1.843955e-01 1.432617e-01 2.052391e-02 -1.809785e-01 1.900550e-01 1.416853e-01 2.007474e-02 1.270599e-01 1.443560e-01 1.406006e-01 2.401456e-01 0.000e+00
3.000000e+04 -4.083693e-02 2.656803e-02 -4.189117e-03 -1.867249e-01 1.724001e-01 1.214846e-01 1.475852e-02 -1.862555e-01 1.820930e-01 1.414760e-01 2.001545e-02 -1.810004e-01 1.889240e-01 1.427201e-01 2.036902e-02 1.267727e-01 1.426525e-01 1.416736e-01 2.394663e-01 0.000e+00
4.000000e+04 -4.157863e-02 2.595477e-02 -3.843557e-03 -1.783417e-01 1.660488e-01 1.220715e-01 1.490145e-02 -1.820749e-01 1.834034e-01 1.409166e-01 1.985749e-02 -2.005504e-01 1.816022e-01 1.417038e-01 2.007997e-02 1.275721e-01 1.419709e-01 1.407051e-01 2.388829e-01 0.000e+00
5.000000e+04 -4.179379e-02 2.433155e-02 -3.628940e-03 -1.837024e-01 1.720440e-01 1.237199e-01 1.530661e-02 -1.770191e-01 1.808100e-01 1.400018e-01 1.960051e-02 -1.810110e-01 1.845884e-01 1.420822e-01 2.018734e-02 1.291701e-01 1.408450e-01 1.410407e-01 2.392952e-01 0.000e+00
6.000000e+04 -4.206141e-02 2.542261e-02 -3.836392e-03 -1.868553e-01 1.733765e-01 1.240716e-01 1.539375e-02 -1.836985e-01 1.818745e-01 1.396588e-01 1.950459e-02 -1.832041e-01 1.840958e-01 1.424505e-01 2.029215e-02 1.296022e-01 1.406312e-01 1.413889e-01 2.396380e-01 0.000e+00
7.000000e+04 -4.241286e-02 2.445184e-02 -3.793876e-03 -1.831820e-01 1.678551e-01 1.249444e-01 1.561110e-02 -1.808084e-01 1.818560e-01 1.386970e-01 1.923685e-02 -1.797431e-01 1.816321e-01 1.422987e-01 2.024893e-02 1.306239e-01 1.394834e-01 1.412965e-01 2.394166e-01 0.000e+00
8.000000e+04 -4.201174e-02 2.606979e-02 -4.506043e-03 -1.796224e-01 1.640292e-01 1.239134e-01 1.535453e-02 -1.742129e-01 1.831112e-01 1.381820e-01 1.909426e-02 -1.840868e-01 1.970145e-01 1.431260e-01 2.048506e-02 1.295192e-01 1.393018e-01 1.421446e-01 2.391944e-01 0.000e+00
9.000000e+04 -4.262399e-02 2.602932e-02 -4.559084e-03 -1.858154e-01 1.689349e-01 1.244666e-01 1.549194e-02 -1.771246e-01 1.799951e-01 1.366948e-01 1.868547e-02 -1.863863e-01 1.824949e-01 1.441797e-01 2.078777e-02 1.302248e-01 1.377683e-01 1.431517e-01 2.393451e-01 0.000e+00
1.000000e+05 -4.231221e-02 2.536551e-02 -4.024364e-03 -1.839461e-01 1.798615e-01 1.252135e-01 1.567842e-02 -1.754872e-01 1.842530e-01 1.361586e-01 1.853917e-02 -1.987059e-01 1.895112e-01 1.444588e-01 2.086833e-02 1.307657e-01 1.371309e-01 1.434188e-01 2.394655e-01 0.000e+00
1.100000e+05 -4.263364e-02 2.566898e-02 -4.476466e-03 -1.758843e-01 1.683753e-01 1.250833e-01 1.564584e-02 -1.819080e-01 1.864650e-01 1.357300e-01 1.842264e-02 -1.834277e-01 1.896124e-01 1.435801e-01 2.061524e-02 1.307539e-01 1.367250e-01 1.425745e-01 2.387265e-01 0.000e+00
1.200000e+05 -4.267335e-02 2.525044e-02 -3.239204e-03 -1.744720e-01 1.752639e-01 1.246035e-01 1.552604e-02 -1.815743e-01 1.759622e-01 1.344517e-01 1.807727e-02 -1.890056e-01 1.934540e-01 1.452518e-01 2.109810e-02 1.304186e-01 1.354078e-01 1.441901e-01 2.387118e-01 0.000e+00
1.300000e+05 -4.270414e-02 2.512906e-02 -4.595397e-03 -1.848022e-01 1.719471e-01 1.261909e-01 1.592415e-02 -1.792283e-01 1.740257e-01 1.337727e-01 1.789513e-02 -1.896365e-01 1.876301e-01 1.445370e-01 2.089094e-02 1.318553e-01 1.348020e-01 1.435616e-01 2.387573e-01 0.000e+00
1.400000e+05 -4.257335e-02 2.443693e-02 -3.949275e-03 -1.830216e-01 1.757740e-01 1.271474e-01 1.616646e-02 -1.740607e-01 1.744285e-01 1.320103e-01 1.742672e-02 -1.877733e-01 1.919814e-01 1.459423e-01 2.129916e-02 1.327163e-01 1.328403e-01 1.448911e-01 2.389964e-01 0.000e+00
1.500000e+05 -4.278472e-02 2.426299e-02 -4.200973e-03 -1.786797e-01 1.721883e-01 1.265045e-01 1.600339e-02 -1.744655e-01 1.769250e-01 1.316588e-01 1.733405e-02 -1.873891e-01 1.909904e-01 1.450039e-01 2.102612e-02 1.322257e-01 1.324860e-01 1.440589e-01 2.379424e-01 0.000e+00
1.600000e+05 -4.301598e-02 2.374061e-02 -4.175018e-03 -1.812740e-01 1.739919e-01 1.273865e-01 1.622731e-02 -1.670119e-01 1.781763e-01 1.310871e-01 1.718384e-02 -1.891793e-01 1.837329e-01 1.454729e-01 2.116237e-02 1.331562e-01 1.318153e-01 1.444482e-01 2.383574e-01 0.000e+00
1.700000e+05 -4.356868e-02 2.284459e-02 -3.842139e-03 -1.833087e-01 1.786093e-01 1.283770e-01 1.648065e-02 -1.749885e-01 1.706928e-01 1.301477e-01 1.693842e-02 -1.929235e-01 1.877305e-01 1.460327e-01 2.132554e-02 1.341954e-01 1.307466e-01 1.450230e-01 2.387226e-01 0.000e+00
1.800000e+05 -4.324424e-02 2.434829e-02 -4.040567e-03 -1.870726e-01 1.776997e-01 1.283696e-01 1.647877e-02 -1.779903e-01 1.743810e-01 1.293413e-01 1.672916e-02 -1.930316e-01 1.913614e-01 1.473810e-01 2.172117e-02 1.341404e-01 1.302235e-01 1.464154e-01 2.392212e-01 0.000e+00
1.900000e+05 -4.350308e-02 2.455189e-02 -3.825890e-03 -1.802323e-01 1.808334e-01 1.277761e-01 1.632672e-02 -1.626402e-01 1.713584e-01 1.281858e-01 1.643160e-02 -1.860700e-01 1.886720e-01 1.477761e-01 2.183778e-02 1.336525e-01 1.291208e-01 1.468552e-01 2.385860e-01 0.000e+00
2.000000e+05 -4.351365e-02 2.391581e-02 -3.631428e-03 -1.820218e-01 1.703609e-01 1.283239e-01 1.646702e-02 -1.733517e-01 1.723749e-01 1.280429e-01 1.639497e-02 -1.865210e-01 1.923349e-01 1.471388e-01 2.164982e-02 1.342708e-01 1.287996e-01 1.461716e-01 2.383495e-01 0.000e+00
2.100000e+05 -4.368487e-02 2.373151e-02 -3.474143e-03 -1.859037e-01 1.806637e-01 1.293156e-01 1.672252e-02 -1.750289e-01 1.709177e-01 1.268885e-01 1.610070e-02 -1.871877e-01 1.927592e-01 1.472054e-01 2.166942e-02 1.351284e-01 1.276483e-01 1.462554e-01 2.382985e-01 0.000e+00
2.200000e+05 -4.385423e-02 2.404836e-02 -3.633468e-03 -1.794450e-01 1.704610e-01 1.289773e-01 1.663515e-02 -1.670053e-01 1.704336e-01 1.255821e-01 1.577085e-02 -1.975186e-01 1.912299e-01 1.489885e-01 2.219759e-02 1.349038e-01 1.264501e-01 1.480441e-01 2.385971e-01 0.000e+00
2.300000e+05 -4.307048e-02 2.361009e-02 -4.445453e-03 -1.852392e-01 1.803243e-01 1.297754e-01 1.684166e-02 -1.630078e-01 1.664263e-01 1.247656e-01 1.556645e-02 -1.895849e-01 1.877293e-01 1.482285e-01 2.197170e-02 1.355207e-01 1.255798e-01 1.473152e-01 2.379777e-01 0.000e+00
2.400000e+05 -4.444284e-02 2.267419e-02 -4.458158e-03 -1.815874e-01 1.756161e-01 1.308529e-01 1.712248e-02 -1.622760e-01 1.620224e-01 1.234411e-01 1.523770e-02 -1.846148e-01 1.927478e-01 1.487957e-01 2.214015e-02 1.368609e-01 1.240476e-01 1.478332e-01 2.383587e-01 0.000e+00
2.500000e+05 -4.408862e-02 2.267812e-02 -4.173356e-03 -1.863360e-01 1.803979e-01 1.314551e-01 1.728045e-02 -1.610271e-01 1.667381e-01 1.235910e-01 1.527473e-02 -1.883387e-01 1.897531e-01 1.489920e-01 2.219862e-02 1.374021e-01 1.242251e-01 1.480315e-01 2.388334e-01 0.000e+00
2.600000e+05 -4.346503e-02 2.246434e-02 -4.470384e-03 -1.879372e-01 1.783488e-01 1.310590e-01 1.717646e-02 -1.664066e-01 1.656128e-01 1.226952e-01 1.505411e-02 -1.862605e-01 1.860059e-01 1.490104e-01 2.220409e-02 1.367762e-01 1.232708e-01 1.480962e-01 2.380408e-01 0.000e+00
2.700000e+05 -4.461782e-02 2.215796e-02 -3.825417e-03 -1.796983e-01 1.781586e-01 1.307561e-01 1.709717e-02 -1.599457e-01 1.636352e-01 1.216630e-01 1.480188e-02 -1.882573e-01 1.938343e-01 1.498083e-01 2.244251e-02 1.369266e-01 1.222594e-01 1.488922e-01 2.380193e-01 0.000e+00
2.800000e+05 -4.346886e-02 2.122440e-02 -3.868870e-03 -1.876748e-01 1.769847e-01 1.315399e-01 1.730274e-02 -1.656167e-01 1.661417e-01 1.205827e-01 1.454018e-02 -1.921430e-01 1.878301e-01 1.503428e-01 2.260295e-02 1.373268e-01 1.209629e-01 1.494245e-01 2.379335e-01 0.000e+00
2.900000e+05 -4.438660e-02 2.193454e-02 -3.440005e-03 -1.833342e-01 1.770393e-01 1.324622e-01 1.754622e-02 -1.564693e-01 1.642837e-01 1.186325e-01 1.407367e-02 -1.941518e-01 1.915532e-01 1.507063e-01 2.271237e-02 1.384725e-01 1.192393e-01 1.497501e-01 2.379179e-01 0.000e+00
3.000000e+05 -4.468864e-02 2.202312e-02 -4.209841e-03 -1.826178e-01 1.773249e-01 1.328647e-01 1.765304e-02 -1.649629e-01 1.567997e-01 1.183350e-01 1.400318e-02 -1.914030e-01 1.903635e-01 1.515004e-01 2.295238e-02 1.388845e-01 1.188051e-01 1.506169e-01 2.385702e-01 0.000e+00
3.100000e+05 -4.482523e-02 2.276106e-02 -4.259812e-03 -1.841740e-01 1.737444e-01 1.322003e-01 1.747691e-02 -1.622661e-01 1.625618e-01 1.178566e-01 1.389017e-02 -1.862842e-01 1.926810e-01 1.513802e-01 2.291596e-02 1.383540e-01 1.185751e-01 1.505140e-01 2.379997e-01 0.000e+00
3.200000e+05 -4.525703e-02 2.192363e-02 -3.909375e-03 -1.837483e-01 1.762370e-01 1.338361e-01 1.791210e-02 -1.541699e-01 1.587415e-01 1.167324e-01 1.362646e-02 -1.857660e-01 1.892482e-01 1.504148e-01 2.262460e-02 1.400357e-01 1.173012e-01 1.494987e-01 2.377347e-01 0.000e+00
3.300000e+05 -4.520176e-02 2.202723e-02 -4.017759e-03 -1.884888e-01 1.826291e-01 1.330828e-01 1.771104e-02 -1.564770e-01 1.614807e-01 1.146948e-01 1.315489e-02 -1.921681e-01 2.017666e-01 1.533547e-01 2.351767e-02 1.392546e-01 1.151826e-01 1.523935e-01 2.381789e-01 0.000e+00
3.400000e+05 -4.497881e-02 2.213267e-02 -4.518291e-03 -1.862091e-01 1.760568e-01 1.331272e-01 1.772285e-02 -1.580723e-01 1.560387e-01 1.143599e-01 1.307818e-02 -1.893270e-01 1.957343e-01 1.525562e-01 2.327339e-02 1.392904e-01 1.149759e-01 1.517188e-01 2.375268e-01 0.000e+00
3.500000e+05 -4.513774e-02 2.139010e-02 -3.892296e-03 -1.890021e-01 1.807250e-01 1.339329e-01 1.793801e-02 -1.514953e-01 1.556886e-01 1.140294e-01 1.300270e-02 -1.889502e-01 1.955759e-01 1.523954e-01 2.322435e-02 1.401174e-01 1.145736e-01 1.514592e-01 2.376729e-01 0.000e+00
3.600000e+05 -4.476904e-02 2.148508e-02 -4.010562e-03 -1.888797e-01 1.810264e-01 1.347439e-01 1.815592e-02 -1.546220e-01 1.554646e-01 1.125858e-01 1.267556e-02 -1.925291e-01 1.954395e-01 1.529069e-01 2.338053e-02 1.408012e-01 1.130175e-01 1.519675e-01 2.377163e-01 0.000e+00
3.700000e+05 -4.515408e-02 2.172377e-02 -3.922762e-03 -1.831547e-01 1.799129e-01 1.344930e-01 1.808837e-02 -1.490394e-01 1.578717e-01 1.110409e-01 1.233009e-02 -1.938245e-01 1.915911e-01 1.536186e-01 2.359867e-02 1.406510e-01 1.116164e-01 1.526966e-01 2.373880e-01 0.000e+00
3.800000e+05 -4.555277e-02 2.074633e-02 -3.674738e-03 -1.854981e-01 1.877365e-01 1.355370e-01 1.837029e-02 -1.501532e-01 1.540260e-01 1.104390e-01 1.219677e-02 -1.893869e-01 1.935415e-01 1.536979e-01 2.362303e-02 1.417121e-01 1.108160e-01 1.527592e-01 2.377403e-01 0.000e+00
3.900000e+05 -4.512074e-02 2.144356e-02 -4.018317e-03 -1.893769e-01 1.794000e-01 1.349167e-01 1.820252e-02 -1.507145e-01 1.525990e-01 1.098063e-01 1.205743e-02 -1.985237e-01 1.934455e-01 1.535222e-01 2.356908e-02 1.410799e-01 1.103417e-01 1.526564e-01 2.369646e-01 0.000e+00
4.000000e+05 -4.577281e-02 2.071513e-02 -4.326977e-03 -1.890579e-01 1.815636e-01 1.364603e-01 1.862142e-02 -1.478269e-01 1.512155e-01 1.081610e-01 1.169881e-02 -1.967829e-01 1.928720e-01 1.548630e-01 2.398255e-02 1.427017e-01 1.084272e-01 1.539332e-01 2.380224e-01 0.000e+00
4.100000e+05 -4.586326e-02 2.021615e-02 -4.518253e-03 -1.877600e-01 1.821251e-01 1.365909e-01 1.865707e-02 -1.467522e-01 1.504296e-01 1.074826e-01 1.155252e-02 -1.935434e-01 1.924601e-01 1.545650e-01 2.389033e-02 1.427962e-01 1.076735e-01 1.536684e-01 2.375525e-01 0.000e+00
4.200000e+05 -4.518460e-02 2.011441e-02 -3.893300e-03 -1.872967e-01 1.813088e-01 1.368469e-01 1.872707e-02 -1.439649e-01 1.485098e-01 1.068695e-01 1.142109e-02 -1.944094e-01 1.979059e-01 1.548279e-01 2.397168e-02 1.429297e-01 1.071626e-01 1.539535e-01 2.374662e-01 0.000e+00
4.300000e+05 -4.606718e-02 2.134880e-02 -4.325236e-03 -1.864176e-01 1.792561e-01 1.370838e-01 1.879196e-02 -1.411052e-01 1.505298e-01 1.049397e-01 1.101235e-02 -2.006184e-01 1.977463e-01 1.553560e-01 2.413550e-02 1.434474e-01 1.053852e-01 1.544570e-01 2.373651e-01 0.000e+00
4.400000e+05 -4.504414e-02 1.962150e-02 -4.285214e-03 -1.856644e-01 1.860004e-01 1.370495e-01 1.878256e-02 -1.453590e-01 1.482403e-01 1.047832e-01 1.097953e-02 -1.953251e-01 2.000537e-01 1.559942e-01 2.433419e-02 1.430967e-01 1.049237e-01 1.550772e-01 2.373561e-01 0.000e+00
4.500000e+05 -4.610324e-02 1.923183e-02 -3.841703e-03 -1.890970e-01 1.866710e-01 1.379021e-01 1.901698e-02 -1.462244e-01 1.536983e-01 1.037060e-01 1.075493e-02 -1.925897e-01 1.979494e-01 1.564928e-01 2.449001e-02 1.441708e-01 1.036328e-01 1.555847e-01 2.378391e-01 0.000e+00
4.600000e+05 -4.638353e-02 1.919750e-02 -4.327275e-03 -1.909509e-01 1.825095e-01 1.379430e-01 1.902827e-02 -1.429123e-01 1.436779e-01 1.026759e-01 1.054233e-02 -2.003140e-01 1.925659e-01 1.563683e-01 2.445105e-02 1.443762e-01 1.027532e-01 1.554945e-01 2.374346e-01 0.000e+00
4.700000e+05 -4.641651e-02 1.712162e-02 -4.232039e-03 -1.885729e-01 1.797024e-01 1.377854e-01 1.898483e-02 -1.479305e-01 1.398952e-01 1.019590e-01 1.039565e-02 -1.932121e-01 1.961094e-01 1.571005e-01 2.468057e-02 1.441725e-01 1.017313e-01 1.562211e-01 2.373380e-01 0.000e+00
4.800000e+05 -4.652486e-02 2.063643e-02 -4.369513e-03 -1.898717e-01 1.819163e-01 1.387862e-01 1.926161e-02 -1.428254e-01 1.513739e-01 1.012244e-01 1.024637e-02 -1.962784e-01 1.977811e-01 1.569766e-01 2.464166e-02 1.451649e-01 1.017080e-01 1.560860e-01 2.378482e-01 0.000e+00
4.900000e+05 -4.668528e-02 2.260934e-02 -4.448332e-03 -1.934604e-01 1.863569e-01 1.386534e-01 1.922477e-02 -1.407914e-01 1.456486e-01 1.002117e-01 1.004239e-02 -1.960335e-01 1.924251e-01 1.572043e-01 2.471319e-02 1.450444e-01 1.012181e-01 1.563545e-01 2.376761e-01 0.000e+00
5.000000e+05 -4.631175e-02 2.410958e-02 -4.158847e-03 -1.921834e-01 1.815382e-01 1.387682e-01 1.925660e-02 -1.376135e-01 1.470159e-01 9.915365e-02 9.831447e-03 -1.950638e-01 1.970483e-01 1.585465e-01 2.513699e-02 1.450922e-01 1.007087e-01 1.576953e-01 2.382723e-01 0.000e+00
5.100000e+05 -4.672090e-02 2.330290e-02 -4.178212e-03 -1.910240e-01 1.893046e-01 1.391220e-01 1.935493e-02 -1.368929e-01 1.456571e-01 9.853156e-02 9.708468e-03 -1.982606e-01 1.962674e-01 1.582783e-01 2.505203e-02 1.455937e-01 9.994773e-02 1.573684e-01 2.380534e-01 0.000e+00
5.200000e+05 -4.660493e-02 2.274251e-02 -4.289185e-03 -1.887917e-01 1.833843e-01 1.397413e-01 1.952764e-02 -1.428213e-01 1.462733e-01 9.696160e-02 9.401552e-03 -1.956511e-01 1.983402e-01 1.585995e-01 2.515381e-02 1.460756e-01 9.807314e-02 1.577309e-01 2.378923e-01 0.000e+00
5.300000e+05 -4.718881e-02 2.260324e-02 -4.379905e-03 -1.847804e-01 1.839994e-01 1.392296e-01 1.938488e-02 -1.389801e-01 1.517249e-01 9.671355e-02 9.353511e-03 -1.968114e-01 2.072600e-01 1.588650e-01 2.523810e-02 1.457935e-01 9.804650e-02 1.579809e-01 2.377852e-01 0.000e+00
5.400000e+05 -4.654405e-02 2.223560e-02 -4.191712e-03 -1.864840e-01 1.842305e-01 1.401064e-01 1.962980e-02 -1.327317e-01 1.364655e-01 9.571943e-02 9.162209e-03 -1.944736e-01 1.968681e-01 1.592546e-01 2.536202e-02 1.465192e-01 9.700244e-02 1.584103e-01 2.379848e-01 0.000e+00
5.500000e+05 -4.691769e-02 2.224361e-02 -4.248307e-03 -1.878263e-01 1.859783e-01 1.396732e-01 1.950861e-02 -1.381128e-01 1.426621e-01 9.422212e-02 8.877809e-03 -1.981545e-01 1.979227e-01 1.596436e-01 2.548607e-02 1.461387e-01 9.529197e-02 1.587546e-01 2.374633e-01 0.000e+00
5.600000e+05 -4.730240e-02 2.160960e-02 -3.818313e-03 -1.928019e-01 1.826093e-01 1.405303e-01 1.974876e-02 -1.294679e-01 1.358420e-01 9.342414e-02 8.728070e-03 -2.011213e-01 2.018209e-01 1.599863e-01 2.559562e-02 1.470476e-01 9.444266e-02 1.590655e-01 2.378957e-01 0.000e+00
5.700000e+05 -4.717608e-02 2.236040e-02 -3.990197e-03 -1.909661e-01 1.855270e-01 1.408711e-01 1.984468e-02 -1.344594e-01 1.314813e-01 9.070667e-02 8.227700e-03 -1.954827e-01 2.012807e-01 1.601402e-01 2.564487e-02 1.474197e-01 9.197856e-02 1.592646e-01 2.371912e-01 0.000e+00
5.800000e+05 -4.705216e-02 2.195327e-02 -4.495267e-03 -1.895003e-01 1.897691e-01 1.417775e-01 2.010085e-02 -1.337728e-01 1.413174e-01 9.025499e-02 8.145964e-03 -2.065285e-01 2.011205e-01 1.599550e-01 2.558560e-02 1.482296e-01 9.125633e-02 1.591074e-01 2.373929e-01 0.000e+00
5.900000e+05 -4.717562e-02 2.182363e-02 -4.706529e-03 -1.938297e-01 1.863768e-01 1.410963e-01 1.990816e-02 -1.255558e-01 1.358803e-01 8.970729e-02 8.047398e-03 -2.047300e-01 2.032602e-01 1.616842e-01 2.614179e-02 1.476517e-01 9.067933e-02 1.607718e-01 2.379500e-01 0.000e+00
6.000000e+05 -4.705229e-02 2.276316e-02 -4.113758e-03 -1.899104e-01 1.875948e-01 1.422362e-01 2.023114e-02 -1.339024e-01 1.336537e-01 8.810554e-02 7.762586e-03 -1.973998e-01 2.027475e-01 1.607731e-01 2.584800e-02 1.486246e-01 8.917591e-02 1.598804e-01 2.374631e-01 0.000e+00
6.100000e+05 -4.826317e-02 2.463557e-02 -4.476401e-03 -1.892918e-01 1.895843e-01 1.423452e-01 2.026217e-02 -1.226847e-01 1.362742e-01 8.580183e-02 7.361954e-03 -2.036962e-01 1.989200e-01 1.619975e-01 2.624319e-02 1.491133e-01 8.743662e-02 1.611533e-01 2.379448e-01 0.000e+00
6.200000e+05 -4.776699e-02 2.646794e-02 -3.870666e-03 -1.926793e-01 1.901764e-01 1.422222e-01 2.022716e-02 -1.297261e-01 1.334782e-01 8.408271e-02 7.069903e-03 -1.969388e-01 2.022553e-01 1.620144e-01 2.624867e-02 1.488418e-01 8.632925e-02 1.611561e-01 2.373714e-01 0.000e+00
6.300000e+05 -4.664989e-02 2.908538e-02 -3.779719e-03 -1.918993e-01 1.898873e-01 1.423783e-01 2.027158e-02 -1.259395e-01 1.288156e-01 8.320789e-02 6.923553e-03 -2.009038e-01 2.008307e-01 1.625309e-01 2.641628e-02 1.486931e-01 8.638320e-02 1.616170e-01 2.375748e-01 0.000e+00
6.400000e+05 -4.859294e-02 2.807766e-02 -4.284669e-03 -1.977387e-01 1.898402e-01 1.436239e-01 2.062782e-02 -1.231909e-01 1.284502e-01 8.238154e-02 6.786719e-03 -2.009828e-01 1.997706e-01 1.625904e-01 2.643563e-02 1.504049e-01 8.512142e-02 1.617046e-01 2.383448e-01 0.000e+00
6.500000e+05 -4.742367e-02 2.811099e-02 -4.169133e-03 -1.978981e-01 1.861721e-01 1.433072e-01 2.053694e-02 -1.301916e-01 1.256417e-01 7.946133e-02 6.314103e-03 -2.025181e-01 2.082884e-01 1.639520e-01 2.688027e-02 1.498418e-01 8.242654e-02 1.631164e-01 2.378740e-01 0.000e+00
6.600000e+05 -4.765379e-02 2.798133e-02 -4.560541e-03 -1.961403e-01 1.946058e-01 1.435127e-01 2.059588e-02 -1.231270e-01 1.284183e-01 7.807838e-02 6.096233e-03 -2.007285e-01 2.068500e-01 1.639610e-01 2.688320e-02 1.500008e-01 8.101901e-02 1.630902e-01 2.375735e-01 0.000e+00
6.700000e+05 -4.833377e-02 3.256113e-02 -4.640394e-03 -1.927034e-01 1.881255e-01 1.439601e-01 2.072450e-02 -1.156145e-01 1.257432e-01 7.572560e-02 5.734366e-03 -2.005335e-01 2.024287e-01 1.639658e-01 2.688479e-02 1.507058e-01 8.044158e-02 1.631093e-01 2.378100e-01 0.000e+00
6.800000e+05 -4.851446e-02 3.350631e-02 -4.107415e-03 -1.936874e-01 1.868700e-01 1.446263e-01 2.091675e-02 -1.264282e-01 1.196158e-01 7.472591e-02 5.583962e-03 -2.044834e-01 2.049007e-01 1.644633e-01 2.704819e-02 1.513347e-01 7.978349e-02 1.636291e-01 2.383899e-01 0.000e+00
6.900000e+05 -4.797411e-02 3.222171e-02 -3.970177e-03 -1.922783e-01 1.950517e-01 1.444306e-01 2.086020e-02 -1.114943e-01 1.164087e-01 7.350706e-02 5.403288e-03 -2.018862e-01 2.105485e-01 1.648056e-01 2.716089e-02 1.510273e-01 7.813106e-02 1.639331e-01 2.378491e-01 0.000e+00
7.000000e+05 -4.877472e-02 3.431563e-02 -4.638989e-03 -1.937209e-01 1.880575e-01 1.451326e-01 2.106346e-02 -1.197805e-01 1.220017e-01 7.100904e-02 5.042284e-03 -2.047479e-01 2.034153e-01 1.648738e-01 2.718338e-02 1.519273e-01 7.672687e-02 1.640293e-01 2.380314e-01 0.000e+00
7.100000e+05 -4.837937e-02 3.878563e-02 -4.089202e-03 -1.962896e-01 1.874382e-01 1.452833e-01 2.110723e-02 -1.120465e-01 1.186823e-01 6.742988e-02 4.546789e-03 -2.015854e-01 2.047271e-01 1.657474e-01 2.747219e-02 1.520321e-01 7.545951e-02 1.648359e-01 2.382562e-01 0.000e+00
7.200000e+05 -4.824247e-02 4.879724e-02 -4.440347e-03 -1.928003e-01 1.918896e-01 1.455095e-01 2.117302e-02 -1.077433e-01 1.247393e-01 6.078268e-02 3.694535e-03 -2.039951e-01 2.068590e-01 1.658650e-01 2.751118e-02 1.521398e-01 7.535867e-02 1.650224e-01 2.385462e-01 0.000e+00
7.300000e+05 -4.847905e-02 5.852742e-02 -4.818929e-03 -1.931653e-01 1.866974e-01 1.452970e-01 2.111123e-02 -1.057946e-01 1.296234e-01 5.286024e-02 2.794205e-03 -2.063528e-01 2.050680e-01 1.660369e-01 2.756826e-02 1.519983e-01 7.642974e-02 1.651758e-01 2.388654e-01 0.000e+00
7.400000e+05 -4.894017e-02 6.748490e-02 -4.464165e-03 -1.988557e-01 1.952796e-01 1.459908e-01 2.131331e-02 -1.084851e-01 1.307514e-01 4.176589e-02 1.744390e-03 -2.117871e-01 2.042302e-01 1.658169e-01 2.749526e-02 1.527286e-01 7.668943e-02 1.649426e-01 2.394013e-01 0.000e+00
7.500000e+05 -4.864149e-02 8.044129e-02 -4.663202e-03 -1.948210e-01 1.918645e-01 1.449492e-01 2.101028e-02 -1.681446e-02 1.336022e-01 1.517544e-02 2.302941e-04 -1.988431e-01 2.084682e-01 1.658388e-01 2.750250e-02 1.516553e-01 8.046718e-02 1.649775e-01 2.395481e-01 0.000e+00
7.600000e+05 -4.837985e-02 7.943896e-02 -4.786235e-03 -1.973242e-01 2.033392e-01 1.458270e-01 2.126550e-02 2.017567e-02 1.225871e-01 1.324684e-02 1.754786e-04 -2.012385e-01 2.041420e-01 1.654298e-01 2.736701e-02 1.524850e-01 7.943896e-02 1.645912e-01 2.393286e-01 0.000e+00
7.700000e+05 -4.896881e-02 7.840300e-02 -3.955698e-03 -1.977198e-01 1.953319e-01 1.460051e-01 2.131749e-02 3.564777e-02 1.151933e-01 1.275346e-02 1.626508e-04 -2.020289e-01 2.061913e-01 1.664987e-01 2.772182e-02 1.527852e-01 7.840300e-02 1.656556e-01 2.399046e-01 0.000e+00
7.800000e+05 -4.827843e-02 7.751702e-02 -4.390013e-03 -2.006759e-01 1.979158e-01 1.462826e-01 2.139860e-02 2.179262e-02 1.152674e-01 1.241560e-02 1.541471e-04 -2.055967e-01 2.051244e-01 1.665789e-01 2.774853e-02 1.528708e-01 7.751702e-02 1.657422e-01 2.396845e-01 0.000e+00
7.900000e+05 -4.868421e-02 7.609944e-02 -4.664302e-03 -1.994274e-01 1.917188e-01 1.467777e-01 2.154370e-02 2.474352e-02 1.199475e-01 1.261381e-02 1.591082e-04 -2.062961e-01 2.112301e-01 1.664747e-01 2.771383e-02 1.534870e-01 7.609944e-02 1.656241e-01 2.395459e-01 0.000e+00
8.000000e+05 -4.887299e-02 7.540769e-02 -3.924982e-03 -1.957202e-01 1.952199e-01 1.463898e-01 2.142997e-02 2.490371e-02 1.161641e-01 1.226218e-02 1.503610e-04 -2.045213e-01 2.061619e-01 1.675089e-01 2.805925e-02 1.531914e-01 7.540769e-02 1.666277e-01 2.398146e-01 0.000e+00
8.100000e+05 -4.875706e-02 7.240945e-02 -4.246652e-03 -2.002008e-01 1.893665e-01 1.475032e-01 2.175718e-02 3.004328e-02 1.116689e-01 1.241502e-02 1.541327e-04 -2.011286e-01 2.024997e-01 1.676357e-01 2.810174e-02 1.542300e-01 7.240945e-02 1.668049e-01 2.396564e-01 0.000e+00
8.200000e+05 -4.874818e-02 7.207844e-02 -4.236504e-03 -2.006833e-01 1.912168e-01 1.473777e-01 2.172018e-02 2.654918e-02 1.083474e-01 1.283591e-02 1.647605e-04 -2.095518e-01 2.074832e-01 1.680464e-01 2.823959e-02 1.540361e-01 7.207844e-02 1.671341e-01 2.397648e-01 0.000e+00
8.300000e+05 -4.936502e-02 6.842600e-02 -4.141915e-03 -2.012430e-01 1.976310e-01 1.480393e-01 2.191563e-02 2.012545e-02 1.033731e-01 1.322076e-02 1.747886e-04 -2.056856e-01 2.059728e-01 1.685496e-01 2.840898e-02 1.549078e-01 6.842600e-02 1.676961e-01 2.396184e-01 0.000e+00
8.400000e+05 -4.903394e-02 6.832801e-02 -4.449285e-03 -2.031702e-01 1.925215e-01 1.480026e-01 2.190478e-02 1.252707e-02 1.060938e-01 1.267522e-02 1.606612e-04 -2.044576e-01 2.039227e-01 1.685825e-01 2.842007e-02 1.547814e-01 6.832801e-02 1.677639e-01 2.395051e-01 0.000e+00
8.500000e+05 -4.932240e-02 6.613199e-02 -4.687614e-03 -2.004554e-01 1.947429e-01 1.489628e-01 2.218990e-02 6.803305e-03 1.107386e-01 1.306901e-02 1.707991e-04 -2.041438e-01 2.093794e-01 1.690460e-01 2.857655e-02 1.557838e-01 6.613199e-02 1.682320e-01 2.398706e-01 0.000e+00
8.600000e+05 -4.977199e-02 6.441551e-02 -4.761845e-03 -2.014026e-01 1.980951e-01 1.491719e-01 2.225226e-02 1.788376e-02 1.045565e-01 1.308828e-02 1.713030e-04 -2.066885e-01 2.100541e-01 1.695961e-01 2.876284e-02 1.561030e-01 6.441551e-02 1.687709e-01 2.400327e-01 0.000e+00
8.700000e+05 -4.969444e-02 6.186313e-02 -4.133691e-03 -1.983258e-01 1.957085e-01 1.491196e-01 2.223666e-02 1.526417e-02 9.633977e-02 1.306431e-02 1.706763e-04 -2.116141e-01 2.075785e-01 1.698252e-01 2.884059e-02 1.560069e-01 6.186313e-02 1.690026e-01 2.394576e-01 0.000e+00
8.800000e+05 -4.988341e-02 6.097054e-02 -4.354882e-03 -1.978881e-01 1.941666e-01 1.498138e-01 2.244418e-02 2.549263e-03 9.897848e-02 1.319057e-02 1.739911e-04 -2.048002e-01 2.119867e-01 1.698425e-01 2.884648e-02 1.567313e-01 6.097054e-02 1.689706e-01 2.397069e-01 0.000e+00
8.900000e+05 -4.986320e-02 5.760595e-02 -4.437438e-03 -2.015821e-01 1.940182e-01 1.499754e-01 2.249262e-02 1.065400e-02 9.563114e-02 1.381874e-02 1.909575e-04 -2.059470e-01 2.094441e-01 1.707525e-01 2.915642e-02 1.569259e-01 5.760595e-02 1.699102e-01 2.396666e-01 0.000e+00
9.000000e+05 -4.985056e-02 5.832623e-02 -4.344949e-03 -1.987836e-01 1.986284e-01 1.504670e-01 2.264033e-02 5.730873e-03 1.078729e-01 1.315452e-02 1.730413e-04 -2.045675e-01 2.138544e-01 1.705473e-01 2.908638e-02 1.573661e-01 5.832623e-02 1.696926e-01 2.399497e-01 0.000e+00
9.100000e+05 -4.994630e-02 5.059772e-02 -4.612307e-03 -2.054385e-01 2.009259e-01 1.514390e-01 2.293376e-02 -7.483041e-03 8.941645e-02 1.501744e-02 2.255234e-04 -2.077562e-01 2.093556e-01 1.716706e-01 2.947079e-02 1.583064e-01 5.060853e-02 1.708420e-01 2.397402e-01 0.000e+00
9.200000e+05 -5.019433e-02 5.284662e-02 -4.107559e-03 -2.036668e-01 1.927077e-01 1.505871e-01 2.267647e-02 5.745318e-03 9.472220e-02 1.334505e-02 1.780905e-04 -2.111264e-01 2.074194e-01 1.714059e-01 2.937997e-02 1.576014e-01 5.284662e-02 1.705505e-01 2.394385e-01 0.000e+00
9.300000e+05 -5.041549e-02 4.705973e-02 -4.387433e-03 -2.051424e-01 1.980772e-01 1.518242e-01 2.305060e-02 -1.204093e-02 8.808966e-02 1.436058e-02 2.062264e-04 -2.062794e-01 2.116206e-01 1.720052e-01 2.958579e-02 1.588160e-01 4.709822e-02 1.712121e-01 2.395532e-01 0.000e+00
9.400000e+05 -5.006917e-02 4.654628e-02 -4.580193e-03 -2.058971e-01 1.980162e-01 1.522050e-01 2.316636e-02 -7.717297e-03 9.196231e-02 1.429001e-02 2.042043e-04 -2.102810e-01 2.146857e-01 1.725439e-01 2.977140e-02 1.591049e-01 4.656405e-02 1.717256e-01 2.399946e-01 0.000e+00
9.500000e+05 -5.052897e-02 4.278503e-02 -4.665387e-03 -2.040031e-01 1.987210e-01 1.520882e-01 2.313083e-02 -2.550993e-02 9.125347e-02 1.603428e-02 2.570982e-04 -2.153624e-01 2.076212e-01 1.728719e-01 2.988471e-02 1.591527e-01 4.293137e-02 1.720309e-01 2.396764e-01 0.000e+00
9.600000e+05 -5.036287e-02 4.186709e-02 -4.445655e-03 -2.041257e-01 1.993901e-01 1.526649e-01 2.330657e-02 -1.395411e-02 8.561081e-02 1.500551e-02 2.251654e-04 -2.125231e-01 2.136217e-01 1.735222e-01 3.010994e-02 1.596170e-01 4.192530e-02 1.726728e-01 2.402155e-01 0.000e+00
9.700000e+05 -5.059903e-02 3.694347e-02 -4.461877e-03 -2.032043e-01 2.010034e-01 1.530922e-01 2.343723e-02 -1.676307e-02 8.234159e-02 1.517019e-02 2.301346e-04 -2.105664e-01 2.107192e-01 1.736286e-01 3.014687e-02 1.601425e-01 3.721255e-02 1.728306e-01 2.398527e-01 0.000e+00
9.800000e+05 -5.122919e-02 3.079249e-02 -4.477707e-03 -2.042843e-01 2.020550e-01 1.530964e-01 2.343851e-02 -2.813947e-02 7.648851e-02 1.525073e-02 2.325847e-04 -2.116945e-01 2.119941e-01 1.749318e-01 3.060114e-02 1.603146e-01 3.121134e-02 1.740939e-01 2.400216e-01 0.000e+00
9.900000e+05 -5.081952e-02 3.154494e-02 -4.456772e-03 -2.036607e-01 2.034636e-01 1.538380e-01 2.366614e-02 -2.187120e-02 7.741804e-02 1.671503e-02 2.793922e-04 -2.113449e-01 2.119598e-01 1.743545e-01 3.039949e-02 1.608509e-01 3.201887e-02 1.735669e-01 2.401965e-01 0.000e+00
1.000000e+06 -5.121199e-02 2.084868e-02 -4.791797e-03 -2.066945e-01 2.109231e-01 1.538186e-01 2.366016e-02 -3.313731e-02 7.128864e-02 1.623204e-02 2.634792e-04 -2.133561e-01 2.132651e-01 1.750925e-01 3.065740e-02 1.610017e-01 2.255595e-02 1.742878e-01 2.396273e-01 0.000e+00
