TimeStep simtime s1 s2 s3 p1 p2 p3 p1_abs p2_abs p3_abs p1_vir p2_vir p3_vir Px Py Pz
0 0.0 0.0 0.0 0.0 -2.12432382795669e-13 5.35294475412229e-14 3.38047811965225e-14 -0.0235906282242816 0.0163475216882423 -0.01885509083199 -0.0181488595407525 0.0218076978659577 -0.0132928904854196 -17.3378798720627 -10.6468573834784 -13.6500331625396
# Fix print output for fix pout0
0 0 0 0 0 0 0 0 0 0 0 0 0 0 0 0 0
5000 0.1275 0.000165295657193447 -5.09800000002172e-05 0.000106553963953705 0.0237399946589475 0.0231283295718449 0.0194825426378682 0.000149366434878263 0.0394758512600337 0.000627451805844368 0.00562937490896556 0.0449075670184298 0.00617242964901561 -17.3442083055233 -10.6382410258252 -13.6358933736512
10000 0.3775 0.000212073466402957 -0.000150980000000225 0.000157348264315055 0.0236422549511595 0.0169976596517706 0.018412142607687 5.16267270903094e-05 0.0333451813399594 -0.000442948224336799 0.00556695085139641 0.038858436272706 0.0050063978439946 -17.3522376391608 -10.6547945633852 -13.6501772605866
15000 0.6275 0.000191420722066438 -0.00025098000000022 0.000247479833256625 0.0243856581338017 0.0129572609166037 0.019028619244801 0.00079502990973249 0.0293047826047925 0.000173528412777248 0.00626429037412454 0.0348147914981477 0.00564359294459711 -17.3456241669204 -10.6666707976899 -13.639866228323
20000 0.8775 0.000246325670941501 -0.000350980000000222 0.000330641454937267 0.0220801499271523 0.010187427922397 0.0187674460323235 -0.00151047829691694 0.0265349496105858 -8.76447997003405e-05 0.00400841948771242 0.0320193707726909 0.0053691652914785 -17.3479884795758 -10.6529925055097 -13.6566085839681
25000 1.1275 0.000356160830891828 -0.00045098000000022 0.000247239576370107 0.0248172421555939 -0.005755362275096 0.0185897518018868 0.00122661393152469 0.0105921594130928 -0.000265339030137004 0.00669280047001999 0.016111023022857 0.00525388810952135 -17.3728409058789 -10.6433807191358 -13.6445950336518
30000 1.3775 0.000296996365028584 -0.000550980000000222 0.000380128272131701 0.0225429747835709 -0.00362553362093042 0.0196242157164363 -0.00104765344049833 0.0127219880672584 0.000769124884412545 0.00443028030961039 0.0182125613857757 0.00625584946809447 -17.3649460338786 -10.6640056741376 -13.6436770014039
35000 1.6275 0.0004899407571806 -0.000650980000000223 0.000343624112607109 0.0244952723461132 -0.00696406937695753 0.0178741405377151 0.000904644122043993 0.00938345231123128 -0.000980950294308677 0.00637966239769482 0.0149044959860454 0.00448117212783597 -17.3822410733368 -10.667030467385 -13.6595349465809
40000 1.8775 0.000402314050301289 -0.000750980000000219 0.000472267124845922 0.0229604549034177 -0.0170288722827216 0.0199255379096918 -0.000630173320651501 -0.000681350594532838 0.00107044707766802 0.00483342212276983 0.0048158944329911 0.0065928479197756 -17.3696895237503 -10.6737540340372 -13.6539298606282
45000 2.1275 0.000523883867920469 -0.000850980000000224 0.000402302739836714 0.0239474904644337 -0.0258748489842648 0.0179428673542894 0.000356862240364497 -0.00952732729607599 -0.000912223477734391 0.00581703384227686 -0.00404686138024332 0.00463219863703962 -17.4080451919529 -10.7207197504071 -13.6486798273954
50000 2.3775 0.000562733976694321 -0.000950980000000222 0.000521308139906371 0.0236593322627037 -0.026624018628905 0.018877989307087 6.87040386344612e-05 -0.0102764969407162 2.28984750632181e-05 0.00553047609166684 -0.0047733771914226 0.0055569134450201 -17.3841553846694 -10.7753100454196 -13.6614711886987
55000 2.6275 0.000621311234212298 -0.00105098000000022 0.000488580434588294 0.0233521342216766 -0.031393966328787 0.0187153605277052 -0.000238494002392588 -0.0150464446405982 -0.000139730304318581 0.00518939808497226 -0.00958547777109192 0.0054029725219168 -17.4081164359381 -10.7696210609461 -13.6565858481264
60000 2.8775 0.000605122667262646 -0.00115098000000023 0.000646441172730569 0.0235155884550559 -0.0342626793366031 0.0199796233197192 -7.5039769013326e-05 -0.0179151576484143 0.00112453248769544 0.00535905802499499 -0.0124196019714677 0.00669211561886505 -17.3934680351992 -10.7598296562083 -13.6461362638027
65000 3.1275 0.000678004808930279 -0.00125098000000022 0.000616172446789533 0.0232507092528536 -0.0508054899017595 0.0181571826904561 -0.00033991897121565 -0.0344579682135707 -0.000697908141567675 0.00511694902360729 -0.029005347841707 0.00489706765618006 -17.4251851771322 -10.7222490169372 -13.6729093566168
70000 3.3775 0.000794354484822632 -0.00135098000000022 0.000585544842965003 0.0243281293104488 -0.0475897147253906 0.0179007562162555 0.000737501086379588 -0.0312421930372018 -0.000954334615768279 0.00620082616686607 -0.0257613366399479 0.00458052746369588 -17.4233718244985 -10.7703025726648 -13.6592483832801
75000 3.6275 0.000740408856828623 -0.00145098000000022 0.000768024816740664 0.0232017440004905 -0.052963789891911 0.0203094154326256 -0.000388884223578729 -0.0366162682037221 0.00145432460060182 0.0050850210479359 -0.031113388852545 0.00696246925845503 -17.4211028941678 -10.7721250202209 -13.6490139726448
80000 3.8775 0.00085447226317133 -0.00155098000000023 0.000715849804819232 0.0245772709467607 -0.0524387287231554 0.0181194182536522 0.00098664272269152 -0.0360912070349666 -0.000735672578371628 0.00644474289776392 -0.0305733647719452 0.00475091922114838 -17.4305125434461 -10.7185361016798 -13.6748187109032
85000 4.1275 0.000797581498147366 -0.00165098000000022 0.000810969491373108 0.0214923914359862 -0.0751423894173796 0.0190154651887824 -0.00209823678808302 -0.0587948677291907 0.000160374356758592 0.00337234549014819 -0.0533097737271649 0.00570981979718287 -17.4330483013761 -10.7097721628263 -13.6582528008361
90000 4.3775 0.000953125654323008 -0.00175098000000022 0.00079688232946895 0.025172624116589 -0.0712738497610124 0.0180453394497852 0.00158199589251982 -0.0549263280728235 -0.000809751382238572 0.00705094600479634 -0.0494220834580086 0.0047108529398179 -17.4558530745826 -10.6987205599772 -13.6507073189216
95000 4.6275 0.000962311603529147 -0.00185098000000022 0.000863677597171966 0.0227271251788822 -0.0697320849192011 0.0200662409564977 -0.000863503045186976 -0.0533845632310123 0.00121115012447388 0.00460470227627984 -0.0478737269497483 0.00670653062583367 -17.459806224195 -10.7482699277253 -13.6714594452315
100000 4.8775 0.000973520081929427 -0.00195098000000022 0.000936580276447133 0.0238729658704517 -0.0820963209032553 0.0179514778387822 0.000282337646382511 -0.0657487992150664 -0.000903612993241611 0.00576069381560724 -0.0602272857323327 0.00458786779885684 -17.4515398055639 -10.7784156854596 -13.6774779939359
105000 5.1275 0.00106778063285412 -0.00205098000000022 0.000941327280115591 0.0237927554005001 -0.0822982962601276 0.019218246926004 0.0002021271764309 -0.0659507745719388 0.000363156093980157 0.00562731994503122 -0.0604287412473645 0.00591989308133113 -17.4708739040068 -10.7856179172807 -13.6581896710783
110000 5.3775 0.00108996721576292 -0.00215098000000022 0.000959611824876765 0.0228884432287838 -0.100380766126018 0.0182756831988467 -0.000702184995285446 -0.084033244437829 -0.000579407633177119 0.00477420414193445 -0.0785498766313383 0.0049375821681172 -17.4832724162707 -10.7263655422577 -13.6749312346348
115000 5.6275 0.00110758195543176 -0.00225098000000022 0.00106619157730954 0.0238552042679849 -0.0946773473138799 0.0195170616690298 0.000264576043915727 -0.0783298256256911 0.000661970837006025 0.00575482514850686 -0.072853296777225 0.00619318192893373 -17.4635039488572 -10.7482084316991 -13.6672628474752
120000 5.8775 0.00125667219551563 -0.00235098000000023 0.00100677669468515 0.0239382274442146 -0.0942759298701708 0.0183967492719611 0.000347599220145367 -0.0779284081819821 -0.000458341560062705 0.00586132167857586 -0.072415483643327 0.00503359951703522 -17.5085368898862 -10.7804159051424 -13.6725183608857
125000 6.1275 0.00117884393229993 -0.00245098000000022 0.00114777199728111 0.0231704133283826 -0.114150018171282 0.0186984875496819 -0.000420214895686581 -0.0978024964830929 -0.000156603282341873 0.00504223950020091 -0.0923174686723089 0.00537438244811196 -17.4806690839142 -10.768797328869 -13.6549632891104
130000 6.3775 0.00121987521078535 -0.00255098000000023 0.00121696450591944 0.0234725001784511 -0.107161123019164 0.0204120787977861 -0.00011812804561808 -0.0908136013309753 0.00155698796576228 0.00537311118176649 -0.0853243594079691 0.00707629495694522 -17.4869985902302 -10.7939448725491 -13.6822905302922
135000 6.6275 0.0014210328002658 -0.00265098000000022 0.00105325619312909 0.023835334597689 -0.121231442293922 0.0166108763087485 0.00024470637361982 -0.104883920605733 -0.00224421452327532 0.00569413175246331 -0.0994112205820742 0.00333484064477634 -17.5145805520442 -10.8000535676997 -13.6840776425793
140000 6.8775 0.00133530370367439 -0.00275098000000022 0.00128156476648583 0.0235208138770829 -0.121580545172441 0.0199194593259622 -6.98143469863304e-05 -0.105233023484252 0.00106436849393843 0.00537852597993049 -0.0997146823494428 0.00662779876857124 -17.514084906623 -10.8306583381589 -13.6545799390212
145000 7.1275 0.00134478516982715 -0.00285098000000022 0.00135851869797316 0.0233600345432927 -0.121222023177321 0.0188166567435946 -0.000230593680776504 -0.104874501489132 -3.8434088429233e-05 0.00528037626434411 -0.0993894451477421 0.00545241484126891 -17.5006384001737 -10.7674545731747 -13.6893674227784
150000 7.3775 0.0015550540633246 -0.00295098000000022 0.00118974660703872 0.0241769174942574 -0.141162070284423 0.0187175323857214 0.000586289270188225 -0.124814548596234 -0.000137558446302434 0.0060439480974047 -0.11932408478981 0.00539806348331494 -17.5436747560318 -10.8061092359117 -13.6713168857242
155000 7.6275 0.00152088090444298 -0.00305098000000022 0.00134561036178497 0.0243853060270664 -0.130753478048203 0.0189536283562157 0.000794677802997227 -0.114405956360015 9.85375241918841e-05 0.00630639067272471 -0.108873707232394 0.00560253200557597 -17.5391586905312 -10.8148590907002 -13.6813462879842
160000 7.8775 0.0014599068397453 -0.00315098000000022 0.00149722442201818 0.0221095123760896 -0.144100255016344 0.0194391427913178 -0.00148111584797959 -0.127752733328155 0.000584051959293987 0.00400911910966271 -0.12225906114058 0.00609731519133678 -17.5209337624999 -10.8529606283035 -13.6786107341244
165000 8.1275 0.00163427422407965 -0.00325098000000022 0.00136506891924825 0.024302697028182 -0.149211717908977 0.0187554609206588 0.000712068804112781 -0.132864196220788 -9.9629911365042e-05 0.00617983160917042 -0.127352147728936 0.00543038347654423 -17.5452728906871 -10.8315714780931 -13.6822478201621
170000 8.3775 0.00168447386352024 -0.00335098000000022 0.00144469675940283 0.0236320671883497 -0.149208578999309 0.019139097240752 4.14389642804628e-05 -0.13286105731112 0.000284006408728244 0.00553843743001377 -0.127398904339381 0.00584585027926324 -17.5539503806662 -10.9079549979579 -13.6739448431687
175000 8.6275 0.00164032962433471 -0.00345098000000022 0.00155657476202106 0.0237311039994912 -0.161321067133961 0.0186731736921052 0.000140475775422046 -0.144973545445772 -0.000181917139918551 0.00562625107952652 -0.139513625178398 0.00537935603745905 -17.5517211795414 -10.9352046449495 -13.6811027799825
180000 8.8775 0.00178789024729213 -0.00355098000000022 0.00149064502018509 0.02285995579055 -0.157521894160674 0.0180282379014132 -0.000730672433519207 -0.141174372472485 -0.000826852930610639 0.00473909010221897 -0.13566559610076 0.00471356834202467 -17.567576206273 -10.8624429039631 -13.6879366956952
185000 9.1275 0.00174656119966986 -0.00365098000000022 0.00163488728266649 0.0240440352214999 -0.167655082937936 0.0194645065588398 0.000453406997430719 -0.151307561249747 0.000609415726816003 0.00593884755906974 -0.145786759035813 0.00610126991532309 -17.5525606438496 -10.8263996087333 -13.682608512123
190000 9.3775 0.00177755171394187 -0.00375098000000023 0.00164762131156222 0.0224988159253552 -0.17629621736241 0.0180696900833907 -0.00109181229871395 -0.159948695674221 -0.000785400748633081 0.00440002491441939 -0.15440260049173 0.00469852293421926 -17.5907587605487 -10.8517053054228 -13.6889562557335
195000 9.6275 0.00190379289396276 -0.00385098000000022 0.00167077767020915 0.0244318679499831 -0.172141545205619 0.0192603584350136 0.000841239725913877 -0.15579402351743 0.000405267602989838 0.00636853961182786 -0.150260595998866 0.00590280606346592 -17.5802004045146 -10.8549356612183 -13.6800245899549
200000 9.8775 0.00190737645652911 -0.00395098000000022 0.00171359662416119 0.0235750832696895 -0.183635656214172 0.0187639168731551 -1.55449543796669e-05 -0.167288134525983 -9.11739588686883e-05 0.00556218954270998 -0.161806513397923 0.00535480167476025 -17.5845125190109 -10.8641171078681 -13.6834015350327
205000 10.1275 0.00193094738266776 -0.00405098000000022 0.00177101207782641 0.0237167965750524 -0.185355164289715 0.0186432861776213 0.000126168350983159 -0.169007642601526 -0.000211804654402522 0.00562814449252306 -0.163512287968586 0.00529834636399893 -17.5890298728119 -10.8822850753787 -13.7004893483422
210000 10.3775 0.00198914725987917 -0.00415098000000022 0.00183581006223519 0.0234561379606129 -0.192782546366533 0.0194482837369782 -0.000134490263456344 -0.176435024678344 0.000593192904954398 0.00536862092166355 -0.17093866009386 0.00611957251806779 -17.597935194263 -10.8624085631899 -13.6836766599346
215000 10.6275 0.00204492568954524 -0.00425098000000022 0.00183232214046252 0.0244132753563352 -0.201138970736725 0.018858692534648 0.000822647132266023 -0.184791449048536 3.60170262418935e-06 0.0063096684875177 -0.179243192698946 0.00548871922611015 -17.5992095379548 -10.9242845752836 -13.6964181867599
220000 10.8775 0.00205185477060401 -0.00435098000000022 0.00190192174333012 0.0220755272996117 -0.198698061272453 0.0194824555841515 -0.00151510092445748 -0.182350539584264 0.00062736475212768 0.00396026370001233 -0.176796921633384 0.00613751308084317 -17.6146816509023 -10.8628278546951 -13.6880703059267
225000 11.1275 0.0021621897007787 -0.00445098000000022 0.00193665226163387 0.0250794075008174 -0.207547291938063 0.0171254712632908 0.0014887792767482 -0.191199770249874 -0.00172961956873301 0.00698883775846348 -0.18567244685815 0.0037413398603621 -17.6304985927066 -10.8835398839889 -13.6902709129134
230000 11.3775 0.00214456302686226 -0.00455098000000022 0.00198432101652647 0.0227767780327173 -0.21144820810526 0.020490326485229 -0.000813850191351915 -0.195100686417071 0.00163523565320516 0.00469555094502618 -0.189576084117896 0.00714558511288535 -17.6086557822141 -10.8811971514019 -13.6995697354371
235000 11.6275 0.00227885652760144 -0.00465098000000022 0.0019353746416296 0.024534990345203 -0.222067347288352 0.0176441113128817 0.000944362121133785 -0.205719825600163 -0.00121097951914213 0.00641716285300321 -0.20023302610742 0.00436500848896792 -17.6415239432666 -10.9396296704609 -13.6930958408093
240000 11.8775 0.00219787413804801 -0.00475098000000022 0.00214690362311734 0.0220156419171257 -0.217549273208956 0.0200033326409071 -0.00157498630694354 -0.201201751520767 0.00114824180888331 0.0039614797260527 -0.19574577350231 0.00670026860427575 -17.6343403529721 -10.9911870396626 -13.6957134972049
245000 12.1275 0.00234353514562746 -0.00485098000000022 0.00205301375937484 0.024663599683345 -0.228495695240535 0.0181158837969712 0.00107297145927577 -0.212148173552346 -0.000739207035052639 0.00652874036138051 -0.206650298031426 0.00480840893145783 -17.6385634174185 -10.9740236585469 -13.699611321876
250000 12.3775 0.00233477767772621 -0.00495098000000022 0.00215645507824883 0.0231271453270279 -0.235267371355295 0.0194418926489129 -0.000463482897041329 -0.218919849667106 0.000586801816889135 0.00502241125912668 -0.213410289950715 0.00613215715190484 -17.6437418238493 -10.9684095530333 -13.6977064823145
255000 12.6275 0.0024343598794703 -0.00505098000000022 0.00213788897107323 0.0239088658652068 -0.239053986652941 0.0178611182533852 0.000318237641137607 -0.222706464964752 -0.000993972578638596 0.0057954915515115 -0.217196729562122 0.00458534500124782 -17.6696518620865 -10.9850254594969 -13.7045208347348
260000 12.8775 0.00244091197920937 -0.00515098000000022 0.00222618410439559 0.0234892476423624 -0.242181442661101 0.0194196629207068 -0.000101380581706797 -0.225833920972912 0.000564572088683038 0.00538908517901352 -0.220384608021552 0.00614026313384165 -17.6601654990215 -10.983450527852 -13.6929375864787
265000 13.1275 0.00248096051389479 -0.00525098000000022 0.00227230319856389 0.0231859305564229 -0.253362563243718 0.0187736800726477 -0.000404697667646286 -0.237015041555529 -8.14107593760554e-05 0.00513369571750904 -0.231526812425756 0.0054152920380779 -17.6525866561718 -10.9050434487538 -13.7058501330417
270000 13.3775 0.00249044132759358 -0.00535098000000022 0.00234985746021607 0.0238918810827698 -0.250585091347076 0.0188068111263006 0.00030125285870059 -0.234237569658887 -4.82797057231668e-05 0.00578801999843741 -0.228741123782356 0.0055121879714637 -17.6709623868455 -10.928767123939 -13.7040192331084
275000 13.6275 0.00259349437202182 -0.00545098000000022 0.00232419183486647 0.0237003051233612 -0.265727651540649 0.0198731295956393 0.000109676899292033 -0.24938012985246 0.00101803876361548 0.00561979098771686 -0.243925413450392 0.00660084346540925 -17.693603029449 -10.9657878195358 -13.6889714763813
280000 13.8775 0.00263773445215763 -0.00555098000000022 0.00238590893420675 0.0229060686012024 -0.26447333377985 0.0172321137037089 -0.000684559622866836 -0.248125812091661 -0.00162297712831486 0.00485592534739966 -0.242644650853328 0.00389297324032911 -17.6761492594188 -11.0708253233245 -13.72237249196
285000 14.1275 0.00263817795547079 -0.00565098000000022 0.00244481934989172 0.0247840961988352 -0.269358633151629 0.0199100085819354 0.00119346797476597 -0.25301111146344 0.0010549177499116 0.00670060977266233 -0.24749648934451 0.00654479158590187 -17.6854745070155 -11.0640094742148 -13.6927748785552
290000 14.3775 0.0027130870309932 -0.00575098000000022 0.00247915206269337 0.0229177732463443 -0.280887592582812 0.0185265142027992 -0.000672854977724885 -0.264540070894623 -0.000328576629224566 0.00484327970606655 -0.259024434113109 0.00521706144017907 -17.7132733145504 -10.9877154407079 -13.7070247185015
295000 14.6275 0.0027690058329592 -0.00585098000000022 0.00249757932191917 0.0237624549191938 -0.277934220339156 0.0186301876173529 0.000171826695124562 -0.261586698650967 -0.00022490321467094 0.00568234907120349 -0.256060643336127 0.00527244765094991 -17.7101790784187 -11.0220716254153 -13.7132375405096
300000 14.8775 0.00277775214532178 -0.00595098000000022 0.00256417651524032 0.0233061856750124 -0.298414120457219 0.0194020243282993 -0.000284442549056754 -0.28206659876903 0.000546933496275548 0.00524535175152364 -0.276526254638541 0.00603796324173978 -17.6939055838958 -11.0403365605362 -13.7093798005736
305000 15.1275 0.00283565198588758 -0.00605098000000022 0.00263452405099463 0.0234806807963791 -0.283412817623088 0.0182063255124639 -0.000109947427690073 -0.267065295934899 -0.000648765319559909 0.00541801000551384 -0.261560579773098 0.00484906833307952 -17.7269491090511 -11.0304787625498 -13.7031227353634
310000 15.3775 0.0028804563064942 -0.00615098000000022 0.00264458927590196 0.0240421215860233 -0.300368570224461 0.0196203160726132 0.000451493361954105 -0.284021048536272 0.000765225240589408 0.00596319922430463 -0.278533924317542 0.00629925668126816 -17.7277456137821 -10.9776476584072 -13.7230844915198
315000 15.6275 0.00294621681192071 -0.00625098000000022 0.00265045547189854 0.0232151586273795 -0.313452078765434 0.0172860833975453 -0.000375469596689662 -0.297104557077245 -0.00156900743447854 0.00512386023508719 -0.291592791048952 0.00400708530824785 -17.7335252048067 -10.998880059904 -13.7020677623922
320000 15.8775 0.00295571155914766 -0.00635098000000022 0.0027737904859759 0.0241304326737215 -0.308184801484556 0.0200024020959722 0.000539804449652289 -0.291837279796367 0.00114731126394841 0.00601777999498875 -0.286328932105652 0.00666198363954063 -17.7234732138405 -11.0000666266668 -13.7192252121745
325000 16.1275 0.00297187361781752 -0.00645098000000022 0.0027954012674922 0.0226234042246809 -0.324850625087926 0.0191175886196755 -0.000967223999388284 -0.308503103399737 0.000262497787651677 0.00453349972128701 -0.302981616301001 0.00580071337459203 -17.7381845468904 -11.0949736278709 -13.714955309428
330000 16.3775 0.00311175244858485 -0.00655098000000022 0.0027656870690898 0.0244214366017049 -0.322996505215629 0.0173517733182104 0.000830808377635719 -0.306648983527441 -0.00150331751381337 0.00631328224521943 -0.30110901158278 0.00400893189686612 -17.7626576393544 -11.0726767251369 -13.7198391018002
335000 16.6275 0.00307710634766239 -0.00665098000000022 0.00291010687042729 0.0232024098938085 -0.32628732259596 0.0206625759719245 -0.000388218330260709 -0.309939800907771 0.00180748513990074 0.00511281859999339 -0.304375034342156 0.00732341726252127 -17.7395195914041 -11.0776993805401 -13.7107178816314
340000 16.8775 0.00311900063121253 -0.00675098000000022 0.00291309664898674 0.023459906524428 -0.343084393765636 0.0179194424198842 -0.000130721699641212 -0.326736872077447 -0.00093564841213961 0.00535183039464821 -0.321234906722002 0.00463088318067963 -17.7624819903262 -11.0473167159073 -13.7316428813935
345000 17.1275 0.00323375330770758 -0.00685098000000023 0.00292250028001888 0.02393774084723 -0.338704270239088 0.0191519919315592 0.000347112623160787 -0.322356748550899 0.000296901099535395 0.00580915767919466 -0.316864345295488 0.00587156269604231 -17.7655195345832 -11.0189721899784 -13.7253990472126
350000 17.3775 0.00317222077935601 -0.00695098000000022 0.00305114807777661 0.0233778435868045 -0.353326877103681 0.0185314991716966 -0.000212784637264667 -0.336979355415492 -0.000323591660327209 0.00529131810903104 -0.33150456613595 0.00527430514928258 -17.7705744207015 -11.0534789569668 -13.7096563453841
355000 17.6275 0.00330324770376725 -0.00705098000000023 0.0030069398111247 0.0235207350690574 -0.356663696544035 0.018773562634662 -6.9893155011806e-05 -0.340316174855847 -8.15281973617837e-05 0.00544936961056209 -0.334860696076765 0.00547815136600313 -17.7851130829997 -11.0298415965041 -13.7222520780283
360000 17.8775 0.00333186930972278 -0.00715098000000022 0.00307210563878537 0.023742842653058 -0.360246199643284 0.0192809120534632 0.000152214428988797 -0.343898677955095 0.000425821221439383 0.00563047791340023 -0.338379389880448 0.00599018869814824 -17.7938259587072 -11.0918450872368 -13.7298213391574
365000 18.1275 0.00333963763528722 -0.00725098000000022 0.00314140471153873 0.0235593239028523 -0.375576677393888 0.0182856968356889 -3.13043212168824e-05 -0.359229155705699 -0.000569393996334942 0.00545609867733207 -0.353749753977863 0.00501711982211972 -17.7774814415903 -11.09408369266 -13.7311502787336
370000 18.3775 0.00338722833835315 -0.00735098000000022 0.00320352996952481 0.0234780943308573 -0.368578111189082 0.0194996066796202 -0.000112533893211877 -0.352230589500893 0.000644515847596365 0.00543136096489839 -0.346779378610104 0.0061943726181064 -17.7981201210861 -11.0510157880608 -13.7196923269991
375000 18.6275 0.00349020869743648 -0.00745098000000022 0.00316574777766475 0.0239484060541116 -0.386248287734806 0.0193788248936933 0.000357777830042438 -0.369900766046617 0.000523734061669482 0.00589741086084535 -0.364411025606544 0.00607187731148253 -17.8087641768959 -11.1193753734832 -13.7273292043437
380000 18.8775 0.00349106827683723 -0.00755098000000023 0.00324589655388366 0.0241247067047434 -0.38793584374292 0.0173156351428093 0.000534078480674153 -0.371588322054731 -0.00153945568921453 0.00605576614906634 -0.366123142832513 0.00401757087707323 -17.8074970095415 -11.1896257665817 -13.7278071381376
385000 19.1275 0.00347612436924499 -0.00765098000000022 0.00338096578738137 0.0221085462733395 -0.395964768366772 0.0205312434103262 -0.00148208195072966 -0.379617246678583 0.00167615257830235 0.00407131517446713 -0.374157758947825 0.00721030015145391 -17.8160864467032 -11.1159118480716 -13.7264700316999
390000 19.3775 0.00362057380293207 -0.00775098000000022 0.00330598958150856 0.0249631485591043 -0.406721330239583 0.0173752216871838 0.00137252033503515 -0.390373808551394 -0.00147986914483997 0.00693236624845308 -0.384887343897077 0.00403031857743585 -17.8126864737711 -11.0860641439779 -13.7412222443454
395000 19.6275 0.00361410038888287 -0.00785098000000022 0.00337013072037185 0.0226717631300326 -0.41052225195103 0.0194327706765202 -0.000918865094036581 -0.394174730262841 0.000577679844496354 0.00464924768438583 -0.388729613117013 0.00613375008478612 -17.8290981371604 -11.0852056280019 -13.7217057235459
400000 19.8775 0.00364799442079587 -0.00795098000000022 0.003488370779551 0.0239668293391595 -0.413807076064642 0.0194300557921298 0.000376201115090327 -0.397459554376454 0.000574964960106023 0.00587940952867444 -0.391988821980369 0.00614179371827418 -17.8366258969325 -11.168182894703 -13.7336899581753
405000 20.1275 0.00372543219337042 -0.00805098000000023 0.00344443859015803 0.0231280965234092 -0.425604223784947 0.0175247029164144 -0.000462531700660037 -0.409256702096758 -0.00133038791560943 0.00505046598043224 -0.403792965518939 0.00425996207349256 -17.8364755037398 -11.1927599783489 -13.7383981068738
410000 20.3775 0.00375880920331561 -0.00815098000000022 0.00350956207990107 0.0234310606678356 -0.428870847088343 0.0199117559124401 -0.000159567556233597 -0.412523325400154 0.0010566650804163 0.00532367108622667 -0.406980620628283 0.00658129482822576 -17.845788438176 -11.2009983754038 -13.7367771365407
415000 20.6275 0.00377273999589099 -0.00825098000000022 0.00361356814481565 0.0246742992891068 -0.440902181388658 0.0181334377108966 0.00108367106503762 -0.424554659700469 -0.000721653121127173 0.00660086890728141 -0.419066335644563 0.00484664015640842 -17.8489794672194 -11.183987169537 -13.7382663947012
420000 20.8775 0.00387020967180905 -0.00835098000000022 0.00357135954439582 0.022832882915752 -0.442495805662373 0.019574899381244 -0.000757745308317221 -0.426148283974184 0.00071980854922022 0.00476976970747365 -0.420666061234003 0.00625828510038993 -17.8608264009272 -11.1129357316314 -13.7332487968705
425000 21.1275 0.00385913791706245 -0.00845098000000023 0.00368265094884829 0.0242245917112666 -0.453935759934354 0.017965495158087 0.000633963487197436 -0.437588238246165 -0.000889595673936824 0.00615277597337957 -0.432109429099588 0.0046715270193576 -17.8500610324042 -11.1732291663199 -13.7380504888537
430000 21.3775 0.003898750571499 -0.00855098000000023 0.00373372066345217 0.0220513798219269 -0.456834143018897 0.0194635629949586 -0.00153924840214234 -0.440486621330708 0.000608472162934824 0.00396192530550089 -0.435023254879847 0.00619539864350011 -17.8764419057026 -11.0927637868872 -13.74645616037
435000 21.6275 0.00394439692399978 -0.00865098000000022 0.0037783178315874 0.0242117372102636 -0.466281875548704 0.0191461891787998 0.000621108986194388 -0.449934353860516 0.000291098346775982 0.00610456933664409 -0.444412863348505 0.00585555362955356 -17.8635890287591 -11.1664928197132 -13.7427188905825
440000 21.8775 0.00407345555516833 -0.00875098000000023 0.00373237367801881 0.024527797030279 -0.475837497262624 0.0180936722756206 0.000937168806209779 -0.459489975574435 -0.000761418556403182 0.00643262768458157 -0.453944442441791 0.00476565977155918 -17.8825837394131 -11.1910861323686 -13.737559810414
445000 22.1275 0.00405125530466313 -0.00885098000000022 0.00383519728564224 0.0227918506255823 -0.477931831806259 0.0193761361498978 -0.000798777598486868 -0.46158431011807 0.000521045317874011 0.00468095737448622 -0.456059226959111 0.00606765425196552 -17.887347691692 -11.2452998369136 -13.7505389512411
450000 22.3775 0.00404997730256267 -0.00895098000000022 0.00393361426722099 0.0244640212438624 -0.48678295890749 0.0187728328994468 0.000873393019793204 -0.470435437219301 -8.2257932577034e-05 0.00640614488906011 -0.464909759319568 0.00542844039916197 -17.8903501971607 -11.2114657414929 -13.7341747503152
455000 22.6275 0.00415941983646738 -0.00905098000000022 0.00392620996180897 0.0229774429922209 -0.492698738046232 0.0188473243943021 -0.000613185231848301 -0.476351216358043 -7.7664377216978e-06 0.004937763827689 -0.470901220147313 0.00555742209571654 -17.897547179954 -11.2061813919262 -13.7582498631528
460000 22.8775 0.00418338410116689 -0.00915098000000022 0.00394967074874556 0.0237415932949323 -0.503177391320529 0.018695293108783 0.000150965070863131 -0.48682986963234 -0.000159797723240752 0.00571266124626928 -0.481348802707833 0.00536987974919203 -17.9008529638334 -11.2635729388354 -13.7431391238579
465000 23.1275 0.00420633724703075 -0.00925098000000022 0.00405639071993088 0.0233342229606427 -0.511667235050358 0.0192192980838296 -0.000256405263426552 -0.495319713362169 0.000364207251805847 0.0053184647060984 -0.489851486898892 0.00589917768260235 -17.9062926226357 -11.3010184295873 -13.7489133320505
470000 23.3775 0.00425544535842023 -0.00935098000000022 0.00409127215884575 0.0231403766445972 -0.51415932440894 0.0189681879638501 -0.000450251579471984 -0.497811802720751 0.000113097131826315 0.00506208608545013 -0.492285615173578 0.00564424408579197 -17.9236521547708 -11.4207207379137 -13.7446170228955
475000 23.6275 0.0043574404366971 -0.00945098000000023 0.00403820468856162 0.0243386040459877 -0.543068850405826 0.0176093049411284 0.000747975821918507 -0.526721328717637 -0.00124578589089545 0.00625063356567047 -0.521159856270674 0.00431319890722985 -17.9226767009703 -11.4992448264021 -13.7563165272967
480000 23.8775 0.00435105393423717 -0.00955098000000022 0.00415178463683337 0.0233632485043836 -0.557207768070017 0.0197807015285788 -0.000227379719685584 -0.540860246381828 0.000925610696555036 0.00530545372386884 -0.535265504722726 0.00641235395919805 -17.9153498928332 -11.2790723219471 -13.7531117691621
485000 24.1275 0.00437215977817883 -0.00965098000000022 0.00421164131738329 0.0235354453342315 -0.565521930598281 0.018290275060362 -5.5182889837684e-05 -0.549174408910092 -0.000564815771661755 0.0054154965757551 -0.54361145895729 0.0049998764678535 -17.9310329006517 -11.072103687218 -13.7460320926889
490000 24.3775 0.00442740949106791 -0.00975098000000022 0.00424033263381019 0.0231608338350377 -0.579895325855095 0.0194196467298038 -0.000429794389031541 -0.563547804166907 0.000564555897780002 0.00507484895275502 -0.55798763159187 0.00608372634542345 -17.9208024338233 -11.0145129908225 -13.7577620599789
495000 24.6275 0.0043940880459856 -0.00985098000000023 0.00437926058210229 0.024131071170345 -0.592466426697036 0.0194951149911805 0.000540442946275833 -0.576118905008847 0.000640024159156733 0.00600796277898979 -0.570478380203155 0.00612511636292937 -17.9260029745353 -10.8571967371262 -13.7569365020506
500000 24.8775 0.0045331803995283 -0.00995098000000023 0.004291222122192 0.0237068490658615 -0.604851833545131 0.0182333291138713 0.000116220841792339 -0.588504311856942 -0.000621761718152503 0.00554582370658307 -0.582901332597153 0.00491671655590104 -17.9370426732915 -10.8199416353585 -13.74787710803
505000 25.1275 0.00454235895230658 -0.0100509800000002 0.00438353308107623 0.0234045388978625 -0.614808296260729 0.0184622363509565 -0.000186089326206744 -0.59846077457254 -0.000392854481067317 0.00529869164088627 -0.59289208167135 0.00509744372754401 -17.9381878506508 -10.8311311393846 -13.7607838148775
510000 25.3775 0.00455089244611274 -0.0101509800000002 0.00449654248727902 0.0238308658168046 -0.610386155958437 0.0188157288013073 0.000240237592735437 -0.594038634270249 -3.93620307165378e-05 0.00577451215479038 -0.588458402579846 0.00544031092169485 -17.9361766088263 -10.8441180036346 -13.7578977863002
515000 25.6275 0.00458914574422733 -0.0102509800000002 0.00449857578276204 0.0224617362338621 -0.632087797070032 0.0189980907844277 -0.00112889199020715 -0.615740275381843 0.000142999952403912 0.00438479080822713 -0.610176143263552 0.00563156150159471 -17.9380892450021 -10.845676423527 -13.7555186497133
520000 25.8775 0.0046916466097171 -0.0103509800000002 0.00451925022215513 0.0246614932059605 -0.632173767760357 0.0189836677307315 0.00107086498189131 -0.615826246072169 0.000128576898707698 0.00658487616850994 -0.610294845975089 0.0056372789353663 -17.9594280904125 -10.8800002557001 -13.7637935081012
525000 26.1275 0.0046947997183452 -0.0104509800000002 0.00458742647903809 0.0234170231812008 -0.642983627562004 0.0184550437062328 -0.000173605042868355 -0.626636105873815 -0.000400047125791026 0.00533564833832049 -0.621094327148069 0.00511966955087926 -17.9536279616472 -10.8977817501387 -13.7513231412457
530000 26.3775 0.00470893495543582 -0.0105509800000002 0.00466641156342055 0.0228526069164802 -0.651416596137068 0.0199617081537688 -0.000738021307588988 -0.635069074448879 0.00110661732174498 0.00480910603958993 -0.629509999682582 0.0065660262958885 -17.9595499996778 -10.9005354179715 -13.7578670804024
535000 26.6275 0.00480968147015397 -0.0106509800000002 0.00467426931383187 0.0246524240242636 -0.651646419835885 0.0174740168034252 0.00106179580019435 -0.635298898147696 -0.0013810740285986 0.00658921986669312 -0.629752318664058 0.0041130734250137 -17.9738295342696 -10.8945133355405 -13.7668186458013
540000 26.8775 0.00483341494470459 -0.0107509800000002 0.00470751814160386 0.0226269255181775 -0.666573620155783 0.0196228832687313 -0.000963702705891653 -0.650226098467594 0.00076779243670754 0.00450678271405103 -0.644622237530528 0.00626601234804479 -17.9741918821533 -10.9078459149856 -13.7637164570503
545000 27.1275 0.00488072859771687 -0.0108509800000002 0.0047659027442626 0.0243307393526102 -0.669025121745431 0.0184203696001592 0.000740111128541045 -0.652677600057242 -0.000434721231864614 0.00626164168516422 -0.647099989384453 0.0050311333932559 -18.0002722748906 -10.9295671155912 -13.7671621033246
550000 27.3775 0.00491611962868987 -0.0109509800000002 0.00485324694681768 0.0232834512116115 -0.675601715237774 0.0190232020622344 -0.000307177012457714 -0.659254193549585 0.000168111230210572 0.0052583117747045 -0.653711057695876 0.00563298305465069 -17.9847727161056 -10.8935521532228 -13.7618940878585
555000 27.6275 0.00498006694314136 -0.0110509800000002 0.00483585343937504 0.0239078083264442 -0.689487486923831 0.019429629395086 0.000317180102375041 -0.673139965235642 0.000574538563062244 0.00582107170691784 -0.667601266469251 0.00608488011427255 -17.9937711233932 -10.9021496333078 -13.772106577738
560000 27.8775 0.00496507784515942 -0.0111509800000002 0.00495631411659552 0.0229979452751791 -0.690135219005357 0.0186206088764254 -0.000592682948890106 -0.673787697317169 -0.000234481955598381 0.0049178057960205 -0.668245632993223 0.00530110057382364 -18.0072435674421 -10.955160985558 -13.7650927268115
565000 28.1275 0.00509240435387604 -0.0112509800000002 0.00491296236403799 0.0235805455331188 -0.701866139237339 0.0183168750342749 -1.00826909503762e-05 -0.685518617549151 -0.000538215797748922 0.00551595405365874 -0.680031455695645 0.00499337208884758 -18.0086833845312 -10.9963092771999 -13.7633700657994
570000 28.3775 0.00509341200632385 -0.0113509800000002 0.00499527519880148 0.0236821415924387 -0.70686624876524 0.0191185855984784 9.1513368369476e-05 -0.690518727077051 0.000263494766454571 0.0056618259093316 -0.685027113791002 0.00578548380432573 -18.0168531003834 -10.9342653817948 -13.7746074917025
575000 28.6275 0.00513548097996052 -0.0114509800000002 0.00508141878509407 0.0250250806193368 -0.70983443231143 0.0188971633648053 0.0014344523952676 -0.693486910623241 4.20725327814597e-05 0.00698983135599985 -0.687966254031703 0.00554157538681855 -18.0173309763821 -10.9969591650774 -13.7646453710489
580000 28.8775 0.00516140376781078 -0.0115509800000002 0.0051107190293586 0.0222394612703804 -0.727918600905442 0.0197710108217033 -0.00135116695368881 -0.711571079217254 0.000915919989679551 0.00423472494483712 -0.706090224034614 0.00641427848360377 -18.0268829303455 -10.9577023404258 -13.7871290325295
585000 29.1275 0.00526387291770306 -0.0116509800000002 0.0050952291994961 0.0234247168662352 -0.72722697598387 0.0181603281070019 -0.000165911357834029 -0.710879454295681 -0.000694762725021932 0.00536359872881928 -0.705346846976661 0.00480969146452555 -18.045577324423 -10.9791469397575 -13.7625616726233
590000 29.3775 0.00529087942417076 -0.0117509800000002 0.00518426286909031 0.0251909755145747 -0.735167716776843 0.0181476442571711 0.00160034729050552 -0.718820195088654 -0.000707446574852712 0.0071635126135652 -0.713333600835605 0.00479776703624897 -18.0249075782649 -11.0109634504696 -13.7796090237981
595000 29.6275 0.00524709052292082 -0.0118509800000002 0.00530593102818277 0.0211187552935257 -0.744515387698357 0.0200668248165948 -0.0024718729305435 -0.728167866010169 0.00121173398457104 0.00310359816069344 -0.722681398715262 0.0067547599972469 -18.0521253533769 -10.9299792334503 -13.7817701118713
600000 29.8775 0.0054283200979711 -0.0119509800000002 0.00521468246301168 0.025656506546756 -0.748816646243256 0.0174993749811402 0.00206587832268675 -0.732469124555067 -0.00135571585088357 0.00759836923041582 -0.726963656524029 0.00414224394896209 -18.0567623773714 -10.9097926070084 -13.7774671832228
605000 30.1275 0.00539143927302725 -0.0120509800000002 0.00533747706358428 0.0227350558869175 -0.76190361017196 0.019788657719699 -0.000855572337151719 -0.745556088483771 0.000933566887675196 0.0046872938620878 -0.740058588867163 0.00648021333822921 -18.0518408730211 -10.9507202554351 -13.768342282575
610000 30.3775 0.00542968515905132 -0.0121509800000002 0.00540189060706697 0.0233324019830334 -0.759579535650369 0.0183334058395675 -0.000258226241035809 -0.74323201396218 -0.000521684992456306 0.00529402530274394 -0.737723467225353 0.00499993063464822 -18.0660713502135 -10.8585332106044 -13.7816595972651
615000 30.6275 0.00546898661181129 -0.0122509800000002 0.00544821263028857 0.0237703716367345 -0.780580234769971 0.0189519585860474 0.000179743412665292 -0.764232713081782 9.68677540236204e-05 0.00572424955428344 -0.758739734346918 0.0056405520598899 -18.0597946402312 -10.7390667869057 -13.7811598520503
620000 30.8775 0.00551002776903949 -0.0123509800000002 0.00547262262207261 0.0226179971867889 -0.796143516111811 0.0194118043162228 -0.000972631037280347 -0.779795994423622 0.000556713484198988 0.00458651739466397 -0.774307745848637 0.00611851660550415 -18.0607390165964 -10.5969512602948 -13.7757494964406
625000 31.1275 0.0055986579197565 -0.0124509800000002 0.00550250682342031 0.0250508787281507 -0.799300894031564 0.018124624790468 0.00146025050408147 -0.782953372343375 -0.000730466041555849 0.00703000314217265 -0.777450671297269 0.00476062443352296 -18.1029021554772 -10.4751449540892 -13.7835510611793
630000 31.3775 0.00556445705448195 -0.0125509800000002 0.00563083483147168 0.0232215531491002 -0.812062709472532 0.0191671826870531 -0.000369075074969022 -0.795715187784344 0.000312091855029334 0.00519136307267801 -0.790214378697861 0.00585368386921802 -18.0588123249684 -10.2966445895567 -13.7851107631762
635000 31.6275 0.00565833643433617 -0.0126509800000002 0.00560658954087074 0.0238001796491961 -0.826668475327774 0.0187714306437758 0.000209551425126849 -0.810320953639585 -8.36601882479933e-05 0.00577661080890439 -0.80482648776371 0.00541290186215527 -18.0863577518562 -10.2490242105171 -13.7819906986842
640000 31.8775 0.00565912770296522 -0.0127509800000002 0.00568456967211534 0.0242006560145419 -0.833767231913863 0.018910993462945 0.000610027790472694 -0.817419710225674 5.59026309212359e-05 0.00619381971619951 -0.811906402706491 0.00554720793107329 -18.0952807759606 -10.2513989079864 -13.785055232591
645000 32.1275 0.00568771603087874 -0.0128509800000002 0.0057716997840547 0.0222894266355518 -0.840550437408875 0.0191364434399503 -0.00130120158851741 -0.824202915720686 0.000281352607926489 0.00428310310056039 -0.818745373498892 0.00581596255642634 -18.0802664529744 -10.3179160087953 -13.7937667538389
650000 32.3775 0.00576927527921075 -0.0129509800000002 0.00575884992995664 0.0236901090716924 -0.841834280164299 0.0176642956279614 9.94808476231495e-05 -0.82548675847611 -0.00119079520406238 0.00563578173888338 -0.820007963495884 0.00434895900327784 -18.1038509939679 -10.2729335121337 -13.7840579787305
655000 32.6275 0.0058048642583285 -0.0130509800000002 0.00583407390800382 0.0236434000246066 -0.852933723675659 0.0198392100525263 5.27718005373435e-05 -0.83658620198747 0.000984119220502475 0.0056024310654248 -0.831094734774267 0.00653713484813969 -18.1085232333501 -10.3582130118212 -13.792598842858
660000 32.8775 0.00585931740861238 -0.0131509800000002 0.00588176848402744 0.0235723278030503 -0.862176975287002 0.0187554551313872 -1.83004210189208e-05 -0.845829453598813 -9.9635700636593e-05 0.00550855100079737 -0.840328429671145 0.0054395606489789 -18.1185958384691 -10.3217076688289 -13.7920586372809
665000 33.1275 0.00590465792692096 -0.0132509800000002 0.0059017593125226 0.0236540618204424 -0.868102914316265 0.01795237997436 6.34335963731976e-05 -0.851755392628076 -0.000902710857663807 0.00559204955030173 -0.84625685155741 0.00466719105926704 -18.1115034414658 -10.2448483387099 -13.7931927512924
670000 33.3775 0.00592279743697806 -0.0133509800000002 0.00599901236347826 0.02430346588306 -0.887518307681116 0.0199583112610472 0.000712837658990822 -0.871170785992927 0.0011032204290234 0.00623398793196469 -0.865646785595292 0.00664711065699854 -18.1241624287748 -9.9957559691463 -13.7944468783355
675000 33.6275 0.00595465992461625 -0.0134509800000002 0.00605994967191487 0.0230427901137073 -0.888058552938747 0.0198059610290536 -0.00054783811036186 -0.871711031250559 0.000950870197029827 0.00500594332381875 -0.866226842975618 0.0064926787052073 -18.1210280708057 -9.91020694590466 -13.7875423976183
680000 33.8775 0.00603236608066077 -0.0135509800000002 0.00603420181012596 0.0240237191064901 -0.910989321386972 0.0168920159871931 0.000433090882420941 -0.894641799698784 -0.00196307484483069 0.00596616554894965 -0.889145960124665 0.0035790464176555 -18.1303287378126 -9.79400484830395 -13.7942887603035
685000 34.1275 0.00607274141374971 -0.0136509800000002 0.00610065459936517 0.0221688087432095 -0.912170975278406 0.019044919559842 -0.00142181948085969 -0.895823453590217 0.000189828727818245 0.00410830455217157 -0.890317916798735 0.00573938964006167 -18.1381127865182 -9.94659934001595 -13.8016184895494
690000 34.3775 0.00606484440186181 -0.0137509800000002 0.0062104906235933 0.0247935195575817 -0.918290515754872 0.0196840253559691 0.0012028913335125 -0.901942994066683 0.000828934523945255 0.00674920575972907 -0.896423931670574 0.00634141012695393 -18.1400556340477 -9.9558644505289 -13.7951454830299
695000 34.6275 0.00616380771142977 -0.0138509800000002 0.00621399813211003 0.0227105863170739 -0.923163584924634 0.0188605751398625 -0.000880041906995255 -0.906816063236445 5.48430783867416e-06 0.00465208495507567 -0.901291445920521 0.00551576829895491 -18.1461429998988 -9.87456485169336 -13.7976687104311
700000 34.8775 0.00623482007133896 -0.0139509800000002 0.0062240249961005 0.0243163929023122 -0.935008322354506 0.0179666446362335 0.000725764678242963 -0.918660800666317 -0.000888446195790276 0.00624898370464622 -0.9131475133117 0.00466699252395876 -18.1703395962195 -9.85685095020421 -13.802018586777
705000 35.1275 0.00623912480064812 -0.0140509800000002 0.00630751262607146 0.0237670617529391 -0.940381642994258 0.0198336030519125 0.000176433528869936 -0.924034121306069 0.000978512219888656 0.00569654276433071 -0.918525098584038 0.00653155559227261 -18.1528022695872 -9.65494402653493 -13.8061052367765
710000 35.3775 0.00626844209415783 -0.0141509800000002 0.00636269255913278 0.0224895516805936 -0.956443848361426 0.0177876959137338 -0.00110107654347559 -0.940096326673237 -0.00106739491828997 0.00440398537828479 -0.934518194996202 0.00445049414409058 -18.1644878812555 -9.36204062449538 -13.795389434046
715000 35.6275 0.00633954713190788 -0.0142509800000002 0.00640632871639302 0.0244414682469973 -0.979264090958228 0.0195894282650512 0.000850840022928056 -0.962916569270038 0.000734337433027414 0.0063824282715365 -0.957340752133325 0.00624325994363651 -18.1809770178495 -8.89232628566503 -13.8178529815922
720000 35.8775 0.00634368625425782 -0.0143509800000002 0.00645605620644215 0.0236136496621711 -0.996116705040941 0.0191949707324183 2.30214381018558e-05 -0.979769183352752 0.000339879900394457 0.0055469069773215 -0.974142336542269 0.00580747307928177 -18.1703282887673 -8.53424720523969 -13.8119257882446
725000 36.1275 0.00644327646346441 -0.0144509800000002 0.00643738577286877 0.023151801315582 -1.02047445942447 0.0177319792307354 -0.000438826908487222 -1.00412693773628 -0.0011231116012884 0.00509156494865671 -0.998491812062018 0.00437076987028141 -18.185389938679 -7.97133317569727 -13.8013081070898
730000 36.3775 0.00644400996433296 -0.0145509800000002 0.00652804566286671 0.0240807887920945 -1.05183712938255 0.0192295698591443 0.000490160568025344 -1.03548960769436 0.00037447902712047 0.00597824334566717 -1.02982917092928 0.00586702664080975 -18.1758177627121 -7.43618101999741 -13.8257330087512
735000 36.6275 0.00645770790716482 -0.0146509800000002 0.00658768873272752 0.0233800277719624 -1.07404915920789 0.0200398381637456 -0.000210600452106837 -1.0577016375197 0.00118474733172179 0.00524970740521833 -1.0520585345435 0.00669483056974232 -18.1724161568911 -6.96637235638525 -13.812793635172
740000 36.8775 0.00654915595249756 -0.0147509800000002 0.00658539494415404 0.0239573349749005 -1.09621661936945 0.0178391733538871 0.000366706750831343 -1.07986909768126 -0.00101591747813668 0.00584892407795215 -1.07423916722259 0.00449407654458702 -18.1836420097619 -6.46736759262816 -13.8071629411525
745000 37.1275 0.00656103312275724 -0.0148509800000002 0.00662982007036159 0.0226971059107023 -1.1143828945948 0.0197180175364294 -0.000893522313366933 -1.09803537290661 0.000862926704405622 0.00457863640174044 -1.09237269758211 0.00634651315613791 -18.1789216779757 -6.02331842896114 -13.8189520175001
750000 37.3775 0.00665702950537019 -0.0149509800000002 0.00661590626701935 0.0247131177631109 -1.15453083338237 0.0172199213896227 0.00112248953904167 -1.13818331169418 -0.0016351694424011 0.00654420240649804 -1.13240115828778 0.00386712480317172 -18.1754165416375 -5.28257481982314 -13.8059553312843
755000 37.6275 0.00658979960657268 -0.0150509800000002 0.00677083897395976 0.022494850151043 -1.19721726187368 0.0198450887445531 -0.00109577807302623 -1.18086974018549 0.000989997912529356 0.00434446521225984 -1.17508763402082 0.00641810549727252 -18.1613327613046 -4.9134800076937 -13.7979055347076
760000 37.8775 0.00667133450595343 -0.0151509800000002 0.00676812496230858 0.0241599952044218 -1.20876158409539 0.0194274551429699 0.000569366980352562 -1.1924140624072 0.00057236431094612 0.00596948167014531 -1.18669640719024 0.00602480217032741 -18.1498178185687 -4.95480576071043 -13.808543888533
765000 38.1275 0.00677299946941605 -0.0152509800000002 0.00675042640040519 0.0234300969043362 -1.20995152313687 0.0184132935582695 -0.000160531319733025 -1.19360400144868 -0.000441797273754278 0.0052867705082744 -1.1879017705217 0.00499747092600778 -18.1779744043592 -5.08358390763097 -13.8099650652453
770000 38.3775 0.00680150488019266 -0.0153509800000002 0.00683042483153659 0.023003883210883 -1.2087537660265 0.018376382225007 -0.000586745013186159 -1.19240624433831 -0.000478708607016757 0.004898057702887 -1.18677862845578 0.0049857699052772 -18.1850774066631 -5.20276074102448 -13.7998218197873
775000 38.6275 0.00679348510634504 -0.0154509800000002 0.00693093809989705 0.0246132293512079 -1.22374489313916 0.0191668012173644 0.00102260112713871 -1.20739737145097 0.00031171038534061 0.00646276119662889 -1.20174744799435 0.00580387035607971 -18.183144275401 -5.22457754158074 -13.8126912635161
780000 38.8775 0.00691394718094757 -0.0155509800000002 0.00689825587869669 0.0230701729481665 -1.24393561682751 0.0183673840172729 -0.00052045527590269 -1.22758809513932 -0.000487706814750925 0.00496110616650463 -1.22195013356896 0.00498897217666212 -18.1893290285834 -5.2194968055489 -13.8056577404567
785000 39.1275 0.00690246148908033 -0.0156509800000002 0.00701880068846745 0.0236759591114229 -1.23017094170561 0.0185607999108236 8.53308873536644e-05 -1.21382342001742 -0.000294290921200232 0.00557516807684982 -1.20820757393902 0.00514543765666024 -18.2051762769106 -5.44645848162972 -13.8123452748693
790000 39.3775 0.00697459096071238 -0.0157509800000002 0.00705292762657695 0.0237326314496606 -1.23509563284175 0.0202892801619954 0.000142003225591419 -1.21874811115356 0.00143418932997158 0.00558219671599371 -1.2131222729558 0.00695294960307421 -18.2113826052401 -5.52470976210308 -13.8161733992928
795000 39.6275 0.00704375777307615 -0.0158509800000002 0.00705495276492375 0.023281775477519 -1.25743718454301 0.0176074470457776 -0.000308852746550223 -1.24108966285483 -0.00124764378624621 0.00517534266234713 -1.23543613077613 0.00420693180564669 -18.2100206927011 -5.51503615070393 -13.8180874080628
800000 39.8775 0.00704901832604689 -0.0159509800000002 0.00715099811918645 0.0237657396507413 -1.26705437167268 0.0192954559490333 0.00017511142667215 -1.25070684998449 0.000440365117009525 0.00562968661320591 -1.245089800438 0.00594247742564294 -18.2187419109875 -5.5723510641974 -13.8115135920617
805000 40.1275 0.00711771077403591 -0.0160509800000002 0.00718917750616603 0.0240119734042835 -1.26710235958689 0.0188402303785576 0.000421345180214308 -1.2507548378987 -1.48604534661719e-05 0.00588735321376899 -1.24514646714213 0.00548975189853624 -18.2280976051637 -5.70952581378419 -13.8176214511499
810000 40.3775 0.00717376638461799 -0.0161509800000002 0.00720334918593854 0.0224025560527529 -1.27233459068475 0.0186348993598708 -0.0011880721713163 -1.25598706899656 -0.000220191472152963 0.00431455975107897 -1.25041803719296 0.00527781095640232 -18.2327754909766 -5.81064427217075 -13.8183582028819
815000 40.6275 0.00721050634888345 -0.0162509800000002 0.00727573487968554 0.0252945769400416 -1.28525588553752 0.01926400263442 0.00170394871597237 -1.26890836384933 0.000408911802396242 0.00718770919488632 -1.26330078787706 0.00592099690400029 -18.2354214132705 -5.84024781872985 -13.8207195236552
820000 40.8775 0.00722465952182513 -0.0163509800000002 0.0073689711924195 0.0226539259612068 -1.29873383914071 0.0188405194883737 -0.000936702262862426 -1.28238631745252 -1.457134365014e-05 0.00457103325817998 -1.27677009097177 0.00545470155906193 -18.2504329587806 -5.88947697139432 -13.8210667336297
825000 41.1275 0.00733042711258133 -0.0164509800000002 0.00735361508779355 0.0233876762567599 -1.2979414210728 0.0182612979917559 -0.000202951967309258 -1.28159389938461 -0.000593792840267903 0.00526834844817408 -1.27601220215862 0.00491532045400929 -18.2569946379554 -6.03741056127122 -13.8203673652178
830000 41.3775 0.00735885743146284 -0.0165509800000002 0.0073941892434263 0.0246795402713628 -1.29892668825801 0.0192865524572596 0.00108891204729362 -1.28257916656982 0.000431461625235824 0.0065431470532608 -1.27697663256536 0.00595018909715135 -18.2550994620309 -6.17421452830193 -13.8217411135761
835000 41.6275 0.00737638220800509 -0.0166509800000002 0.00750656071781055 0.0222777959571639 -1.31488122425629 0.0189921731240099 -0.00131283226690525 -1.2985337025681 0.000137082291986082 0.00416427454568579 -1.29296018738385 0.0056724241721765 -18.2682350933671 -6.19074484538179 -13.8280434969797
840000 41.8775 0.00740548895796802 -0.0167509800000002 0.00756662376462764 0.0232968076924534 -1.32833501036761 0.0179216461197291 -0.000293820531615759 -1.31198748867942 -0.000933444712294672 0.00515708920805336 -1.30638850825693 0.00461459522372273 -18.2540891947465 -6.23725160224025 -13.828022569319
845000 42.1275 0.00755531108416668 -0.0168509800000002 0.00749450484090334 0.0248685449576801 -1.33576977400724 0.0200663964787745 0.00127791673361088 -1.31942225231905 0.00121130564675073 0.0067764949127542 -1.31384986276381 0.00669409083010966 -18.2894137445318 -6.31765709467502 -13.8250309685024
850000 42.3775 0.00755231219462662 -0.0169509800000002 0.0076069019488203 0.0234254603557205 -1.33378854296304 0.0181750067160485 -0.000165167868348744 -1.31744102127486 -0.000680084115975302 0.00534163088750338 -1.31187033194481 0.0048388546088283 -18.2939220151445 -6.48848164608051 -13.8273388768628
855000 42.6275 0.00753494767213619 -0.0170509800000002 0.0077307224800911 0.022800762642181 -1.33287770392819 0.0191042441280082 -0.000789865581888196 -1.31653018224001 0.000249153295984435 0.00469711636641275 -1.31092860580851 0.0057358432610047 -18.2850739297399 -6.64878356493812 -13.8270522508425
860000 42.8775 0.0076597310351776 -0.0171509800000002 0.00768890723721706 0.0239147695410486 -1.36331522117193 0.0189744028903966 0.00032414131697941 -1.34696769948374 0.000119312058372821 0.00586770028512726 -1.34139458200567 0.00559704876175582 -18.2968229213301 -6.55986662342225 -13.839576539725
865000 43.1275 0.00768500631361104 -0.0172509800000002 0.0077493469616523 0.0237638032731141 -1.36956503276442 0.0183730421759943 0.000173175049044887 -1.35321751107623 -0.000482048656029494 0.00567380693634263 -1.34772603280657 0.00508947360162901 -18.2982246397819 -6.66599293007535 -13.8369584410612
870000 43.3775 0.00769224652765438 -0.0173509800000002 0.00785158152721787 0.0224258904433594 -1.35750496756055 0.0190516397106877 -0.00116473778070983 -1.34115744587236 0.000196548878663922 0.00435884533659545 -1.33564220865306 0.00572736999268329 -18.3161013813587 -6.92118735028972 -13.8284259316939
875000 43.6275 0.00781482181267605 -0.0174509800000002 0.00785584387323154 0.0255632452670017 -1.36538475626826 0.0192996691078304 0.00197261704293249 -1.34903723458007 0.000444578275806631 0.00749754501299663 -1.34351080447253 0.00600329172203764 -18.316101565225 -7.00771540850858 -13.8352986417384
880000 43.8775 0.00781297189731196 -0.0175509800000002 0.00791526330672396 0.0229027847022144 -1.39103997360539 0.0184863516290243 -0.000687843521854772 -1.3746924519172 -0.000368739202999457 0.00484163397044694 -1.369188078756 0.00517428020239187 -18.322977495995 -6.96720633861395 -13.8446812954941
885000 44.1275 0.00783082838054722 -0.0176509800000002 0.00798095142389684 0.0224801795125436 -1.40349895445582 0.018954174264282 -0.00111044871152561 -1.38715143276763 9.90834322581666e-05 0.00441196129262852 -1.38160298426181 0.00564013632330132 -18.3274131080771 -7.03572727060518 -13.8393996492978
890000 44.3775 0.00796585799771681 -0.0177509800000002 0.00797838713073346 0.0250545402972489 -1.39324447500247 0.0188083738043176 0.00146391207317968 -1.37689695331428 -4.67170277061837e-05 0.00698068215927743 -1.37140201123379 0.0054893275100801 -18.3386955850217 -7.27557456373426 -13.8345129362142
895000 44.6275 0.0079441623261486 -0.0178509800000002 0.00808100832226582 0.0226338141996859 -1.39812002987626 0.0185121488508837 -0.000956814024383304 -1.38177250818808 -0.000342941981140126 0.00459280613049696 -1.37624583775817 0.00517917148613097 -18.3401390572851 -7.41975844014029 -13.8460896385354
900000 44.8775 0.00797201487696788 -0.0179509800000002 0.00814874118011688 0.0234143125703776 -1.41996820938245 0.0188037126418469 -0.000176315653691581 -1.40362068769426 -5.13781901769206e-05 0.00532540281900242 -1.39808538901879 0.00547516159909034 -18.3440516973314 -7.37482973767417 -13.8434608817662
905000 45.1275 0.00808091785984175 -0.0180509800000002 0.00816161736833973 0.0244560191924237 -1.42798143517575 0.0204219303023817 0.000865390968354468 -1.41163391348756 0.00156683947035794 0.00642184360280009 -1.40609175545727 0.0070721278140129 -18.3594037659363 -7.48700751254576 -13.8365341931923
910000 45.3775 0.0081250732531683 -0.0181509800000002 0.0081847145789543 0.0236118300803629 -1.42451364432171 0.0171804772992418 2.12018562936621e-05 -1.40816612263353 -0.00167461353278195 0.00557089700452904 -1.4026604645693 0.00383933066726444 -18.3635452130536 -7.73828531542994 -13.8542484314755
915000 45.6275 0.00813669459252868 -0.0182509800000002 0.00827156595320461 0.0222573111290065 -1.42741137363266 0.0190581624366338 -0.00133331709506273 -1.41106385194447 0.00020307160460998 0.00425653138567402 -1.40557209453684 0.00572042501352751 -18.3654683296599 -7.88424107987895 -13.8509158946253
920000 45.8775 0.00821946872392604 -0.0183509800000002 0.00830406592732031 0.024981262704171 -1.44819495316234 0.0185803662570555 0.0013906344801018 -1.43184743147415 -0.000274724574968253 0.00696150210663792 -1.42636314082252 0.00524474192265945 -18.3775256967255 -7.84899963970462 -13.8429749482578
925000 46.1275 0.00824306023183478 -0.0184509800000002 0.00836199519625219 0.02330202022555 -1.46985862247885 0.0190359925474214 -0.000288607998519191 -1.45351110079066 0.00018090171539762 0.00528499920866263 -1.44801559227999 0.00570448786679155 -18.3724992047743 -7.81798383893543 -13.8496527718953
930000 46.3775 0.00829877509572299 -0.0185509800000002 0.00840020383374589 0.0236303532697164 -1.46431130075178 0.0193316610295677 3.97250456471616e-05 -1.44796377906359 0.000476570197543896 0.00562483311132925 -1.44250770486647 0.0060048932247031 -18.3885721260409 -8.11283448989815 -13.8571766190628
935000 46.6275 0.00833311679989926 -0.0186509800000002 0.00848560154627589 0.0232300063565062 -1.45209749799106 0.0188307636398791 -0.00036062186756296 -1.43574997630287 -2.43271921447032e-05 0.00519425339223468 -1.43025378032081 0.0055035625919858 -18.4016091632501 -8.43048628542505 -13.8480196067406
940000 46.8775 0.00838249438112297 -0.0187509800000002 0.00852384920535324 0.0237428722126411 -1.47894583493301 0.0189310272611224 0.000152243988571869 -1.46259831324483 7.59364290986017e-05 0.00566448960692016 -1.45706055849093 0.00561416134614716 -18.3851695415559 -8.34370119609037 -13.8573271912159
945000 47.1275 0.0084395411248992 -0.0188509800000002 0.00855584520507484 0.0230002343253187 -1.49287326322849 0.018490849406831 -0.000590393898750523 -1.4765257415403 -0.000364241425192793 0.00489430835800566 -1.47102019556242 0.00522790495374166 -18.4065601830053 -8.42842335161196 -13.8523642444983
950000 47.3775 0.00848947548734191 -0.0189509800000002 0.00860887152667652 0.0239226528358986 -1.49543048979258 0.0186071660538202 0.000332024611829365 -1.4790829681044 -0.000247924778203629 0.00587541834875957 -1.47356910859903 0.00528705814535009 -18.4160718166518 -8.64866010301167 -13.858093064595
955000 47.6275 0.00856380764214101 -0.0190509800000002 0.00865366237883395 0.0242289804661404 -1.4794553435415 0.0193441166248225 0.000638352242071162 -1.46310782185331 0.000489025792798685 0.0061733603664053 -1.45760678657725 0.00603245376152416 -18.4168523182904 -9.04824317033141 -13.8702798311289
960000 47.8775 0.00857600286223073 -0.0191509800000002 0.00872677154533937 0.0237579378098607 -1.5001722105073 0.0182443451651288 0.00016730958579149 -1.48382468881911 -0.000610745666894955 0.00573678424039266 -1.47833048649636 0.00493459448466179 -18.4183584250823 -9.04363498438794 -13.8527385257677
965000 48.1275 0.00859140602681871 -0.0192509800000002 0.00879355947776331 0.0221159584149026 -1.52793311243411 0.01976538027738 -0.00147466980916661 -1.51158559074592 0.000910289445356238 0.00408066531837395 -1.5061310475732 0.00647211504585208 -18.4367403549614 -8.93571654928075 -13.8616831085962
970000 48.3775 0.00868945846471058 -0.0193509800000002 0.00878539477567867 0.0239761354394468 -1.53991991391641 0.0180602208962125 0.000385507215377625 -1.52357239222822 -0.000794869935811331 0.00592809736117245 -1.51812225615464 0.00479842167337008 -18.4327446235172 -9.08073181391209 -13.8656732762384
975000 48.6275 0.00874714587039052 -0.0194509800000002 0.00884248377812767 0.0245488864062323 -1.52552764011519 0.0190742674194613 0.000958258182163136 -1.509180118427 0.000219176587437529 0.00649145099515329 -1.50368930557049 0.00577235904065484 -18.4359305733587 -9.49420090850733 -13.863653130961
980000 48.8775 0.00876911642701688 -0.0195509800000002 0.00896101431614829 0.0231864466170293 -1.51887023663866 0.0192984541666311 -0.000404181607039899 -1.50252271495048 0.000443363334607251 0.00513597539427247 -1.49702412393605 0.00598644922008104 -18.4647345124025 -9.89425822606896 -13.8659506774658
985000 49.1275 0.00882574153894057 -0.0196509800000002 0.00895273545356192 0.0235216318230553 -1.55039106601699 0.0183434332215625 -6.89964010138657e-05 -1.5340435443288 -0.00051165761046135 0.00547784485338796 -1.52852212336019 0.00500944592121295 -18.4472975955582 -9.72598672935696 -13.872012092989
990000 49.3775 0.00886236806799575 -0.0197509800000002 0.0090064127424943 0.0239321690662032 -1.57811716626791 0.0188310139231491 0.000341540842134027 -1.56176964457972 -2.40769088746742e-05 0.00591602193529145 -1.55625599861118 0.0054830483398035 -18.4476593160772 -9.6493458592723 -13.8666610583793
995000 49.6275 0.0089421172430294 -0.0198509800000002 0.00903177136169165 0.0227308435319091 -1.56671892311195 0.0188032747003519 -0.000859784692160058 -1.55037140142376 -5.18161316718564e-05 0.00473283843314748 -1.54491806549211 0.00549821058768586 -18.4842412744084 -10.145342836242 -13.8692507024109
1000000 49.8775 0.00894309449960542 -0.0199509800000002 0.00916761561572239 0.0243543976590378 -1.55695955558759 0.0189511775366125 0.000763769434968646 -1.5406120338994 9.60867045887196e-05 0.0063288850981863 -1.53517092852526 0.00565753435000852 -18.4625500967391 -10.6817059263904 -13.8755292112681
1000000 49.8775 0.00894309449960542 -0.0199509800000002 0.00916761561572239 0.0243543976590378 -1.55695955558759 0.0189511775366125 0.000763769434968646 -1.5406120338994 9.60867045887196e-05 0.0063288850981863 -1.53517092852526 0.00565753435000852 -18.4625500967391 -10.6817059263904 -13.8755292112681
