TimeStep simtime s1 s2 s3 p1 p2 p3 p1_abs p2_abs p3_abs p1_vir p2_vir p3_vir Px Py Pz
0 0.0 0.0 0.0 0.0 -6.02938143856591e-14 -2.28294538828777e-13 3.68913788406644e-14 -0.0169156277237318 -0.0288217557331112 -0.0137864128990802 -0.0116042936287732 -0.0230097555733488 -0.00861311745645912 1.22710346651529 29.9268878580328 0.0174064850543818
# Fix print output for fix pout0
0 0 0 0 0 0 0 0 0 0 0 0 0 0 0 0 0
5000 0.1275 0.000417973546355236 -5.09799999998334e-05 -0.000226083430772686 0.0170422431839534 0.0153851562961448 0.0136648287489953 0.000126615460281885 -0.0134365994367381 -0.000121584150121782 0.00549584679394382 -0.00774910502440811 0.00526830114906448 0.925405438601692 29.8704809203873 -0.00666655382270996
10000 0.3775 0.000135367622595189 -0.000150979999999822 0.000166129277971659 0.0169187845278626 0.0183540540725424 0.0142811260799864 3.15680419110086e-06 -0.0104677016603405 0.000494713180869264 0.00520875865558348 -0.00477247723182858 0.00602281158694832 1.10167938788845 29.7993353495431 0.00646767504326066
15000 0.6275 0.000548730435104422 -0.000250979999999929 -0.000132246498017425 0.0166166255210831 0.0290208330892414 0.0136520780414343 -0.000299002202588412 0.000199077356358465 -0.000134334857682801 0.00479058749197592 0.00578963692355162 0.00523608731859705 0.834763798624568 29.7133354098465 0.0353654167471111
20000 0.8775 0.000722844963312861 -0.000350979999999793 -0.000221539348516956 0.0173504706252 0.0252333449542388 0.0144489342796625 0.000434842901528501 -0.00358841077864407 0.00066252138054542 0.00574533530730434 0.00213349125697741 0.00569466742385251 0.721990916786004 29.6696631624319 0.0254838756199943
25000 1.1275 0.000718321024361602 -0.000450979999999847 -0.000151421049007017 0.0159464473282267 0.0186800307905011 0.0125992397086667 -0.000969180395444821 -0.0101417249423818 -0.00118717319045043 0.00440526528376106 -0.00427908259049208 0.00406583520368911 0.729954041670284 29.6241535366689 -0.0293711234147096
30000 1.3775 0.000932471302783864 -0.000550979999999938 -0.000288116658051594 0.0178737606751831 0.014175757980981 0.0139928079694686 0.000958132951511619 -0.0146459977519019 0.000206395070351477 0.00631041324797887 -0.00904852522455281 0.00579293527414468 0.606836804855146 29.5797011440031 -0.042542337073405
35000 1.6275 0.000841686122595827 -0.000650979999999765 -0.000106044115264728 0.0166293502011224 -0.000522773851027139 0.0145394713959855 -0.000286277522549111 -0.02934452958391 0.000753058496868361 0.00490932787786015 -0.0238676832121737 0.00620383515727718 0.663275272349041 29.5745762356034 -0.00328010188432692
40000 1.8775 0.00083822292839858 -0.000750979999999872 -5.72529984589562e-05 0.0164238608019185 -0.018453343524021 0.0128580750220083 -0.000491766921753009 -0.0472750992569038 -0.000928337877108767 0.00472870744075273 -0.0414554189106359 0.00420453237147127 0.700216762120962 29.5599043673972 -0.00454482241455511
45000 2.1275 0.00103787485226308 -0.000850979999999897 -0.000132423963270791 0.0178345286053335 -0.0158626165133249 0.0142125030005947 0.00091890088166196 -0.0446843722462078 0.000426090101477614 0.00630286262140074 -0.0390297699694837 0.00569922985771152 0.580042648075875 29.5024345598577 0.0167832925441599
50000 2.3775 0.000995757409721383 -0.000950979999999791 1.45715388456902e-05 0.0162653104371499 -0.0130917516976592 0.0136416986509756 -0.000650317286521602 -0.0419135074305421 -0.000144714248141501 0.004776610775454 -0.0361769992843831 0.00531492262954716 0.578297404991093 29.4418999903716 0.0325832994665856
55000 2.6275 0.000903394551752008 -0.0010509799999999 0.000193589807803941 0.0163199000559907 -0.0165627906873304 0.0137425065669833 -0.000595727667680749 -0.0453845464202133 -4.39063321338206e-05 0.00456126349343693 -0.0396957923459543 0.00535030524673566 0.662650873710553 29.3814746613031 -0.00747404936749674
60000 2.8775 0.0014951935652137 -0.00115097999999986 -0.000272422873705961 0.0182661321210194 -0.00114536163300248 0.0141629646667439 0.00135050439734791 -0.0299671173658854 0.000376551767626758 0.00653989183446929 -0.0244188616042267 0.00553320102684018 0.280081088346326 29.292633841305 -0.030054337511672
65000 3.1275 0.00132312034411032 -0.00125097999999982 -4.63649499196844e-05 0.0149868519836781 -0.0149843628330897 0.013428877321656 -0.00192877573999335 -0.0438061185659726 -0.000357535577461064 0.00344879029065285 -0.0381966319089037 0.00497606653065981 0.381018072281865 29.2672398387257 -0.020383614599327
70000 3.3775 0.00151150639472206 -0.00135097999999992 -0.000143672217025887 0.0191906770792973 -0.0171977333417003 0.0136181264347837 0.00227504935562581 -0.0460194890745832 -0.000168286464333442 0.00756183971715672 -0.04016760158049 0.00534345320718911 0.291373078123342 29.2107562500984 0.000704176989775025
75000 3.6275 0.00156764883372973 -0.00145097999999981 -0.000142846038673994 0.0148050956177828 -0.030364023490039 0.0151399846243674 -0.0021105321058887 -0.0591857792229219 0.00135357172525031 0.00308480436935474 -0.0534361873017389 0.00663776182467112 0.248041776068704 29.1971018730818 0.0228442242774861
80000 3.8775 0.00182721502295433 -0.00155097999999984 -0.000317142038720468 0.0187704079914364 -0.0452026809618064 0.0115348388309728 0.00185478026776493 -0.0740244366946893 -0.00225157406814434 0.00712482188854968 -0.0684329685642169 0.00295141978321188 0.120923797705947 29.188601047869 0.0141542894092672
85000 4.1275 0.00125110049888195 -0.00165097999999995 0.000351073680129729 0.0152181601276862 -0.0510805124908086 0.0157027213168302 -0.00169746759598527 -0.0799022682236915 0.00191630841771307 0.00374453485395589 -0.0742621501435242 0.00724043793583834 0.48713722953739 29.1356090049395 -0.0104902507839281
90000 4.3775 0.00206104460964225 -0.00175097999999977 -0.000323845279223335 0.0183583466567755 -0.0413318625601853 0.0124175779920137 0.00144271893310398 -0.0701536182930682 -0.00136883490710343 0.00678034515611878 -0.0645210761531139 0.00410750318754011 -0.0244889090856006 29.0685672294555 -0.0102105208687758
95000 4.6275 0.00143049315606849 -0.00185097999999987 0.000356250638933829 0.0160387175995333 -0.0539964107112174 0.0143028330926609 -0.000876910124138224 -0.0828181664441003 0.000516420193543848 0.00426179673718921 -0.0770230142916026 0.00598982739165559 0.367270575790793 29.033922028183 -0.0237534340676543
100000 4.8775 0.00189205043664086 -0.00195097999999992 5.09250747663977e-05 0.0172276483443372 -0.0383463964236797 0.0136643307273683 0.000312020620665682 -0.0671681521565626 -0.000122082171748764 0.00548691097505965 -0.0615091518657122 0.0049134161826974 0.0886160242097577 28.9314373477463 -0.00139337207933194
105000 5.1275 0.00204868907721681 -0.00205097999999978 -5.48559414019095e-05 0.0159790043881882 -0.0438422207814996 0.0143681643338075 -0.000936623335483284 -0.0726639765143825 0.00058175143469043 0.00444404414781922 -0.0670040548351231 0.00579848543490243 -0.020300154457564 28.8908309053718 0.0473835986815503
110000 5.3775 0.00227857352232199 -0.00215097999999989 -0.000171737621945228 0.0183765401603977 -0.0442495458513616 0.0129233873962207 0.00146091243672622 -0.0730713015842445 -0.000863025502896381 0.0068539853589204 -0.0675273793849504 0.00467916897766537 -0.144138242910135 28.8354246124768 0.0190020357573896
115000 5.6275 0.00210195418240208 -0.00225097999999987 3.12698918793612e-05 0.0154378773122406 -0.0629478906579219 0.0149515421542672 -0.00147775041143093 -0.0917696463908048 0.00116512925515006 0.00381844033208847 -0.0861596825153041 0.00668312906788202 -0.0204184144533183 28.8201494270323 -0.0121366631838281
120000 5.8775 0.00252379532393758 -0.00235097999999981 -0.000297317310403446 0.01766155355613 -0.0728481709005007 0.0123097158962758 0.000745925832458466 -0.101669926633384 -0.00147669700284135 0.00585481175305267 -0.0957943841107921 0.00352641998581067 -0.266371361214434 28.8105004057051 -0.00227243142274672
125000 6.1275 0.00234082367062913 -0.00245097999999992 -4.72322622527689e-06 0.0168991117137923 -0.075578369778314 0.0143866420081273 -1.65160098792357e-05 -0.104400125511197 0.000600229109010215 0.00532016584114856 -0.0985609102543611 0.00571592153411131 -0.147706777597642 28.7538258646549 -0.0377478040455642
130000 6.3775 0.00218723027226867 -0.00255097999999983 0.000237246602281239 0.016286059022455 -0.0817075829045304 0.0146189801758497 -0.000629568701216452 -0.110529338637413 0.000832567276732617 0.00483375617944506 -0.105065011969945 0.0063314630148462 -0.0456695071083718 28.7102054646874 -0.0128545362259453
135000 6.6275 0.00265144670305744 -0.00265097999999983 -9.7447808080609e-05 0.0180866670716238 -0.0735963856566616 0.0118732068794496 0.00117103934795233 -0.102418141389545 -0.00191320601966749 0.00647773996046834 -0.096852947967241 0.00365307673905545 -0.332817613161716 28.6480025739726 0.0411283920230194
140000 6.8775 0.00226805438300627 -0.00275097999999994 0.000357304329544453 0.0154330870857471 -0.078213821150808 0.0158339449082175 -0.00148254063792441 -0.107035576883691 0.00204753200910039 0.0036316211214966 -0.101326347981085 0.00726055274739769 -0.0958236691802964 28.5820234459281 0.0316614515990895
145000 7.1275 0.00283488211504595 -0.00285097999999979 -8.10127828422895e-05 0.0183484887483121 -0.0686139769712801 0.0122816917427461 0.00143286102464056 -0.097435732704163 -0.00150472115637103 0.00671031921934055 -0.0917460787293132 0.00366590816668344 -0.434599506688693 28.4994516487061 0.00285678611168976
150000 7.3775 0.00267477986844249 -0.00295097999999986 0.000123448108925304 0.0154764382100197 -0.0806580309540473 0.014933923263615 -0.00143918951365182 -0.10947978668693 0.00114751036449795 0.00395166224404012 -0.103678332775087 0.00655826012898436 -0.34716475576761 28.480700543518 -0.0166572929399251
155000 7.6275 0.00312095499620579 -0.00305097999999994 -0.000236289863441233 0.0184222228100152 -0.0861752815579807 0.0128925700155863 0.00150659508634365 -0.114997037290864 -0.000893842883530805 0.00686316323407569 -0.109465679024874 0.00461731967060256 -0.579340553692216 28.4300785137849 -0.0301584227414964
160000 7.8775 0.0028507932318206 -0.00315097999999978 8.46313349103503e-05 0.0148938995461035 -0.100552641527233 0.0144842873162472 -0.00202172817756803 -0.129374397260116 0.000697874417130115 0.00331266307718924 -0.123843726350843 0.00595398852246026 -0.426849423464258 28.4120009008978 -0.0170435551863497
165000 8.1275 0.00328099473879756 -0.00325097999999988 -0.000204095663320798 0.0191650259191582 -0.102706485277309 0.0130889320068253 0.00224939819548673 -0.131528241010192 -0.000697480892291784 0.00756308501047836 -0.125850422544045 0.00451534914256158 -0.662816325937116 28.3818239910186 0.00908011489137926
170000 8.3775 0.0028566270870139 -0.00335097999999989 0.000271797252372002 0.0153170153914978 -0.111487194742799 0.0146405655259804 -0.00159861233217371 -0.140308950475682 0.000854152626863275 0.00367766431331688 -0.134495078334303 0.00629491651650974 -0.400333529325475 28.330144149747 0.0399909900149973
175000 8.6275 0.003176113070744 -0.0034509799999998 0.000100601693864672 0.0176571394324151 -0.102263884090166 0.0132592869261811 0.000741511708743567 -0.131085639823049 -0.000527125972935991 0.00610942645310512 -0.125489499639951 0.00494340227427167 -0.599802508480806 28.2603865244112 0.0226578659548818
180000 8.8775 0.00304180660718686 -0.00355097999999991 0.000320546706583723 0.0168718894168199 -0.10736378293357 0.013901317564603 -4.37383068516065e-05 -0.136185538666453 0.000114904665485907 0.00527466930258595 -0.13063945215344 0.0054327505518539 -0.518760800650825 28.2152876697973 -0.00758357725772088
185000 9.1275 0.00326836748578774 -0.00365097999999985 0.000202310968541234 0.0164130473698781 -0.097790087293274 0.0142344169750959 -0.000502580353793423 -0.126611843026157 0.000448004075978753 0.00478766602655148 -0.120993983014147 0.00560794852961209 -0.652698600590328 28.1146194276417 -0.0322789075089877
190000 9.3775 0.0034903134017456 -0.00375097999999982 5.21563668201932e-05 0.0179233235397598 -0.103800718329095 0.0131576631727002 0.00100769581608826 -0.132622474061978 -0.000628749726416903 0.0063513701566832 -0.12686513971524 0.00483079961723266 -0.778857192162737 28.0786593191123 -0.0123860918020626
195000 9.6275 0.00346225511628413 -0.00385097999999993 0.000141842645816568 0.0157779667972694 -0.117405198940591 0.0143135130608565 -0.00113766092640208 -0.146226954673474 0.000527100161739355 0.00420713186840415 -0.140635485790088 0.00602313573550302 -0.748406952743578 28.067393096366 -0.00173791828105413
200000 9.8775 0.00370847150868784 -0.00395097999999981 -1.53337914784863e-05 0.0177429738352088 -0.118151781900459 0.013781984185499 0.000827346111537321 -0.146973537633342 -4.42871361809077e-06 0.00603485162762141 -0.141270117073908 0.00520864133833734 -0.884098969165341 27.9991125834089 0.00870925969323982
205000 10.1275 0.00370827518741604 -0.00405097999999985 4.71764513505526e-05 0.0165695855597618 -0.134348740429532 0.0134010803339104 -0.000346042163909681 -0.163170496162414 -0.000385332565206694 0.00489597226939089 -0.157423892537735 0.00480723785483915 -0.881790647372435 27.9898629586839 0.032105359543921
210000 10.3775 0.00368749232740004 -0.00415097999999994 0.000208948349945654 0.0176993252226142 -0.134287541931125 0.0140050168681699 0.000783697498942688 -0.163109297664008 0.000218603969052791 0.00617543073173977 -0.157554942038235 0.00572931750083175 -0.845795499526754 27.9518557557785 -0.0188714055224319
215000 10.6275 0.00361529049457845 -0.00425097999999978 0.000361661242770079 0.0156325582589288 -0.130648777674864 0.0146440144049257 -0.00128306946474275 -0.159470533407746 0.000857601505808572 0.00409946059222846 -0.153970255568818 0.00641797618841259 -0.814212990033656 27.8660405187129 -0.0175051009528436
220000 10.8775 0.00381265162459136 -0.00435097999999988 0.000266706442724804 0.0180504109313118 -0.134237192629915 0.0118807329659466 0.00113478320764029 -0.163058948362798 -0.0019056799331705 0.00648541397462846 -0.157280426374253 0.00330300931714045 -0.923031193803876 27.8237375914805 -0.0131836068453221
225000 11.1275 0.00377426959974123 -0.00445097999999991 0.000446269629584502 0.0164398269024626 -0.123294794420621 0.0157976905304825 -0.000475800821208885 -0.152116550153504 0.00201127763136543 0.00473657072346485 -0.146478047778916 0.00713405811749851 -0.905768152844039 27.7393671340571 0.0103867069440267
230000 11.3775 0.00397689510307576 -0.00455097999999979 0.000277335063304209 0.0163708082542785 -0.133492937953585 0.0127726956325298 -0.000544819469392986 -0.162314693686468 -0.00101371726658725 0.00477274380350632 -0.156611233652344 0.00436149656328088 -1.01683528735568 27.6882224824194 0.0128064642874319
235000 11.6275 0.00427115852654061 -0.0046509799999999 6.20294721029075e-05 0.0180210821468285 -0.137346238403634 0.0129690415941398 0.00110545442315701 -0.166167994136517 -0.000817371304977281 0.00650128036933765 -0.16066894199376 0.0048013252585396 -1.18411499873904 27.6533189409895 0.0358042749989011
240000 11.8775 0.00404248678930574 -0.00475097999999987 0.000375192349148489 0.0153180014484935 -0.147660641915443 0.0160900331575652 -0.00159762627517798 -0.176482397648326 0.00230362025844809 0.00377288275978764 -0.170913487458552 0.00762998434036088 -1.04105575010549 27.6268871454089 -0.00494832105610478
245000 12.1275 0.00450438117066916 -0.00485097999999982 -2.08659158232919e-05 0.0183215796076285 -0.156162264367325 0.0107861588554456 0.001405951883957 -0.184984020100208 -0.00300025404367155 0.00663044991631907 -0.179200212380436 0.00205904573874295 -1.29470331540639 27.5779654322278 -0.0368853555272175
250000 12.3775 0.0042450317900673 -0.00495097999999993 0.000359442597397135 0.0160222470491751 -0.154555726751036 0.0163440009864153 -0.000893380674496391 -0.183377482483919 0.00255758808729816 0.00432578952859615 -0.177442641319371 0.00789773536668324 -1.14935737810331 27.5356452934077 -0.0124464017232072
255000 12.6275 0.00434431138037608 -0.00505097999999983 0.000369539041867165 0.0177268590352465 -0.158226825779639 0.0117609615660631 0.000811231311574982 -0.187048581512521 -0.00202545133305399 0.00613835401777342 -0.18142235258397 0.00347920293734232 -1.18413196432569 27.4870369663702 -0.00733297082197243
260000 12.8775 0.00416571523963966 -0.00515097999999984 0.000632960510242795 0.0152425788667328 -0.157697824766653 0.0146634251820938 -0.00167304885693871 -0.186519580499536 0.000877012282976747 0.00369500545927278 -0.181016395777597 0.00634899761977472 -1.10078339783903 27.4158270645673 0.0272269517780693
265000 13.1275 0.00454303989199784 -0.00525097999999995 0.000396264863432798 0.0188310171224302 -0.146863708713918 0.0137019386475593 0.00191538939875874 -0.175685464446801 -8.44742515578111e-05 0.00723393341257122 -0.170133832012206 0.00502278613536144 -1.31378945471824 27.3385591800297 0.0373750120016185
270000 13.3775 0.00440182067666963 -0.00535097999999979 0.000592301136081168 0.0151612628947438 -0.159154265450825 0.0138665119127132 -0.00175436482892765 -0.187976021183708 8.00990135961455e-05 0.00346241570121987 -0.182073032254457 0.00535452735902901 -1.22246114719462 27.2990166256692 0.000390220406952436
275000 13.6275 0.00469573786487512 -0.00545097999999987 0.000371473214675987 0.0175396976357269 -0.1597981683997 0.0136193032995846 0.000624069912055441 -0.188619924132583 -0.000167109599532464 0.00587335463679008 -0.182840292667204 0.00529241351121407 -1.38754788758149 27.247462129833 -0.0109184019386433
280000 13.8775 0.00489185876705728 -0.00555097999999994 0.000246468401080337 0.0174948268457429 -0.170059254620867 0.0137145543910402 0.000579199122071384 -0.198881010353749 -7.18585080768547e-05 0.00600764425173302 -0.193359720866703 0.00523448092067755 -1.49217636392723 27.2151450285867 -0.0387535158840981
285000 14.1275 0.00465971348156884 -0.00565097999999979 0.000553959966387423 0.015584154250672 -0.180382705178177 0.0141650872269936 -0.00133147347299954 -0.20920446091106 0.000378674327876521 0.00404827398703077 -0.203701736326112 0.00562337182723883 -1.34964674577031 27.1845984868486 -0.0163946541222568
290000 14.3775 0.00506639641123062 -0.0057509799999999 0.000266860589577616 0.0190924343233009 -0.176612680436915 0.0129470798555084 0.00217680659962941 -0.205434436169798 -0.000839333043608746 0.00750181173849631 -0.19968448905332 0.00455015363775522 -1.5801457277305 27.11783770439 0.027306922233777
295000 14.6275 0.00469504879810422 -0.00585097999999989 0.00072094119346558 0.0150143269872036 -0.187626878840265 0.0151433879293942 -0.00190130073646787 -0.216448634573148 0.00135697503027712 0.00339615907148169 -0.210787481654022 0.00672792681029435 -1.35575874024139 27.0972846155658 0.0207949398054454
300000 14.8775 0.00495922310573672 -0.00595097999999981 0.000597853163233245 0.0180121919464453 -0.175508334780082 0.0125199266341972 0.00109656422277379 -0.204330090512965 -0.00126648626491994 0.00643318878267506 -0.198433543958898 0.00406660877553111 -1.50788105058461 27.003219843443 0.0197022527718802
305000 15.1275 0.00486368269105909 -0.00605097999999992 0.000788231813825885 0.0166075997920089 -0.175366525130131 0.0152017829552532 -0.000308027931662615 -0.204188280863014 0.00141537005613613 0.00495785673147936 -0.198620890094658 0.00658905102349425 -1.46634578468628 26.9318643431252 -0.00847336031726233
310000 15.3775 0.00504444883559779 -0.00615097999999984 0.000679664781910473 0.0169832768533679 -0.183801302983454 0.0129482554978948 6.76491296963802e-05 -0.212623058716337 -0.000838157401222279 0.00553104596089983 -0.207083753196348 0.00452276183069872 -1.55093882098105 26.899124897403 -0.0318355271606022
315000 15.6275 0.00517252549291362 -0.00625097999999984 0.000625972637041875 0.0167083847555664 -0.183726130251074 0.0141112638402917 -0.000207242968105143 -0.212547885983957 0.000324850941174643 0.0051812417746371 -0.20690565997809 0.00582285351358775 -1.62407923261127 26.8353551050872 -0.0293322343291209
320000 15.8775 0.00527428746752698 -0.00635097999999994 0.000574443455062961 0.0168949042139504 -0.198757095983183 0.0137462660881546 -2.07235097211268e-05 -0.227578851716066 -4.01468109624509e-05 0.00529021432591769 -0.221840622015231 0.00529953856547797 -1.6729102103756 26.8116090104674 0.0190376098449779
325000 16.1275 0.00542392250812399 -0.0064509799999998 0.000524007816172705 0.0170055219829947 -0.203624289503034 0.0130686732569616 8.98942593231926e-05 -0.232446045235917 -0.000717739642155533 0.00544395581700956 -0.226860111336367 0.00441147242160796 -1.74920315808672 26.7676350717948 0.00596918414297182
330000 16.3775 0.00537475713278907 -0.00655097999999986 0.000663163174735016 0.016856913768902 -0.205283455255758 0.0148282359533383 -5.87139547694821e-05 -0.234105210988641 0.00104182305422116 0.00531319062229087 -0.228432575382733 0.00634746389198069 -1.71599317601832 26.7157782929491 0.0230269560655387
335000 16.6275 0.00541475144263996 -0.00665097999999994 0.000722772132586683 0.0166785520716798 -0.213207553704313 0.0127528998602339 -0.000237075651991735 -0.242029309437196 -0.00103351303888323 0.00508493971342337 -0.236353904160804 0.00450459756793095 -1.73351005014974 26.6752579599438 -0.00298378803005265
340000 16.8775 0.00537649920594994 -0.00675097999999979 0.000895542092039167 0.0170938372942624 -0.206750510700191 0.0135344221857341 0.000178209570590916 -0.235572266433074 -0.000251990713382966 0.00553006454277024 -0.229933856927458 0.00518735875370136 -1.70558467899273 26.5988553361703 -0.026613699174474
345000 17.1275 0.00543286771087329 -0.00685097999999988 0.000942901221030001 0.0169289967703203 -0.203983647230472 0.0153855057712133 1.33690466487803e-05 -0.232805402963354 0.00159909287209617 0.00548548514390367 -0.227164877278476 0.00668027198152395 -1.74843827989937 26.5258360763889 -0.0237969409795211
350000 17.3775 0.00559898616734959 -0.00695097999999991 0.000851639573419152 0.0167340998358524 -0.21260326068795 0.011855905541708 -0.000181527887819112 -0.241425016420833 -0.00193050735740911 0.00515944951047126 -0.235617340903641 0.00329554896030931 -1.83291456873352 26.4807200186368 0.00864129839761317
355000 17.6275 0.00553731230006819 -0.0070509799999998 0.00099981071028119 0.0171203812377806 -0.213618194655171 0.0156996968054127 0.000204753514109053 -0.242439950388054 0.00191328390629559 0.00548978654281439 -0.236741541489586 0.00744592158903914 -1.78611067721724 26.4280554951708 0.0146144305153813
360000 17.8775 0.0059446396894347 -0.00715097999999991 0.000637503826757454 0.0170114625422162 -0.223175890974923 0.0127237055255696 9.58348185447295e-05 -0.251997646707806 -0.00106270737354753 0.00545833972149031 -0.246411839381203 0.00438878840065582 -2.02280598430772 26.38281399634 0.011430344436177
365000 18.1275 0.00577886907480739 -0.00725097999999986 0.000885210932770256 0.0164515834052894 -0.233623672312765 0.0137967051547599 -0.000464044318382116 -0.262445428045648 1.02922556428271e-05 0.00496682214885435 -0.256854816393423 0.00512124611984486 -1.91185312707124 26.3508748511963 0.00734576722339441
370000 18.3775 0.00595552732127648 -0.00735097999999983 0.000828764787096902 0.0179978680077414 -0.230162677996936 0.0144085857881315 0.00108224028406992 -0.258984433729819 0.000622172889014438 0.0065470362261286 -0.253308049916959 0.00588448496330548 -2.00703155576818 26.2848536607678 -0.0358702627423825
375000 18.6275 0.00594188554892334 -0.00745097999999994 0.000911291143542315 0.0155999197538363 -0.238711480132353 0.0128640870598293 -0.00131570796983522 -0.267533235865236 -0.000922325839287803 0.00398285133100559 -0.261911498929368 0.00457626772176276 -2.00498252790001 26.2371282582855 -0.00878758997033179
380000 18.8775 0.0058181255397815 -0.00755097999999982 0.00117648658752556 0.0173355688929455 -0.236034639181607 0.0141128422376138 0.000419941169274009 -0.26485639491449 0.00032642933849665 0.00564471460131328 -0.259078380472546 0.00573456473953466 -1.9176364513082 26.1754043538014 -0.00662805209386774
385000 19.1275 0.00600419601357959 -0.00765097999999985 0.0011116150564755 0.0173010861075456 -0.23055490044992 0.0136950470979061 0.000385458383874108 -0.259376656182803 -9.13658012109755e-05 0.00578278220425801 -0.253823333559357 0.00514240539404613 -2.0296574228184 26.0971897154707 0.0339005486774593
390000 19.3775 0.00598831704765292 -0.00775097999999994 0.00118244033302929 0.0155547861268715 -0.2391787491627 0.0138187682151976 -0.00136084159680001 -0.268000504895582 3.23553160805453e-05 0.00418901437198469 -0.262406619500505 0.00532676413793276 -2.02513907363046 26.0418435635964 0.0103091652654378
395000 19.6275 0.006147617668143 -0.0078509799999998 0.00112584085142163 0.0184362706523181 -0.241885047362607 0.0137325894332887 0.00152064292864665 -0.27070680309549 -5.38234658283617e-05 0.00684378075004532 -0.264991235275001 0.00531374030390345 -2.09374581431506 25.9904854582169 0.0110380352840789
400000 19.8775 0.00623066521023162 -0.00795097999999988 0.00109703216149885 0.0158896420941517 -0.25245963418668 0.0143833665679292 -0.00102598562951977 -0.281281389919563 0.00059695366881206 0.00423478106211174 -0.275512949149143 0.00601932550494547 -2.14593030152713 25.9537880269362 -0.0351874401071827
405000 20.1275 0.00641247917706671 -0.00805097999999993 0.000967152542110657 0.0173583185714026 -0.264972595869773 0.0130580308077932 0.000442690847731128 -0.293794351602656 -0.000728382091323875 0.00580849834344159 -0.288147307184108 0.00449466125016406 -2.2375213910208 25.9128349675512 -0.0110053887720197
410000 20.3775 0.00643151529712205 -0.00815097999999979 0.00108137523556124 0.017623606656066 -0.262412980829794 0.0139624317410541 0.00070797893239452 -0.291234736562677 0.00017601884193701 0.00615189563129915 -0.28562515240083 0.00550349283857931 -2.23527822699446 25.8524505553605 -0.00922830011087786
415000 20.6275 0.00632242657505127 -0.00825097999999991 0.00128103919417573 0.0158263389898577 -0.268980099996716 0.0145311360302038 -0.00108928873381381 -0.297801855729599 0.000744723131086712 0.00429761172799439 -0.292126225873257 0.00621282087255758 -2.18307371051572 25.8041694377374 0.0330362587419691
420000 20.8775 0.0065137209263795 -0.00835097999999988 0.00119852375570211 0.017679165518267 -0.269763070423185 0.0126477086020838 0.000763537794595482 -0.298584826156068 -0.00113870429703327 0.00604896622301799 -0.293012096545445 0.00424433715063204 -2.27965060668391 25.7321453057204 0.0243848198455128
425000 21.1275 0.00636849272190813 -0.00845097999999982 0.00146730137451639 0.0169740820044258 -0.268766978387361 0.0141429363625652 5.84542807543259e-05 -0.297588734120244 0.000356523463448118 0.00543150358231607 -0.29187290462709 0.00559541105444551 -2.18927629273422 25.6715993565215 0.00608667313617697
430000 21.3775 0.0064445253344046 -0.00855097999999994 0.00147371109995411 0.0158146698350787 -0.274735193124167 0.0146690451660327 -0.00110095788859284 -0.30355694885705 0.000882632266915593 0.00429994108861522 -0.297927616973764 0.00616417149177411 -2.24162091085024 25.618207071323 -0.0210052040891424
435000 21.6275 0.00674009428415573 -0.00865097999999984 0.00125735965361395 0.0179262026338087 -0.278882273408218 0.0123776599946351 0.00101057491013723 -0.307704029141101 -0.001408752904482 0.00635566070747832 -0.302104660327117 0.00413041415557163 -2.39508519653608 25.5418997759204 -0.0222940098571821
440000 21.8775 0.00661159520490347 -0.00875097999999985 0.00145553485439134 0.0170337500178807 -0.287715916442377 0.0148860072433161 0.000118122294209189 -0.31653767217526 0.00109959434419904 0.00540899209120901 -0.31086535211693 0.00657848355158154 -2.31207596847237 25.5170620103943 -0.0135052864647673
445000 22.1275 0.00690173733633649 -0.00885097999999995 0.00122480162828213 0.0157708218490334 -0.299709979760129 0.0140317703653909 -0.00114480587463806 -0.328531735493012 0.000245357466273837 0.00432282481828771 -0.322943370319144 0.00548773861119827 -2.48379916811821 25.4713744308927 0.0187319583564335
450000 22.3775 0.00694759643152036 -0.0089509799999998 0.00126412655586823 0.0183143644228862 -0.30592777338396 0.0120450355366894 0.00139873669921465 -0.334749529116843 -0.00174137736242774 0.00680049950468254 -0.329128700072071 0.0035344170450023 -2.47872811513984 25.4166936881863 0.0272318127366531
455000 22.6275 0.00681128690087164 -0.00905097999999988 0.00153027739095606 0.0159083036324926 -0.303140119584036 0.0152202723370057 -0.00100732409117894 -0.331961875316919 0.00143385943788857 0.00425809885577148 -0.326280409524348 0.00705627697647607 -2.41690427520871 25.3589632299612 0.000761949227931346
460000 22.8775 0.00695864173484935 -0.00915097999999994 0.0014940927053481 0.0168237539455341 -0.304745726151479 0.0125606107377853 -9.18737781374462e-05 -0.333567481884362 -0.00122580216133181 0.00509867792394787 -0.327995337822024 0.00428774070211687 -2.50100795960225 25.2810360756492 -0.0127429955998507
465000 23.1275 0.00687784742625853 -0.0092509799999998 0.00169268710837555 0.0173095203587869 -0.302860909258183 0.0146366975710867 0.000393892635115363 -0.331682664991066 0.000850284671969559 0.0057911370598004 -0.326054415479054 0.00611346516499898 -2.43974744416944 25.2026664536198 -0.0161582606609468
470000 23.3775 0.00696451408912088 -0.00935097999999991 0.00170878354144381 0.0168245115008805 -0.308904630406981 0.0139240924923666 -9.11162227910321e-05 -0.337726386139864 0.00013767959324953 0.00533394046302963 -0.332083428637054 0.00539740322622946 -2.49296859160339 25.1600262516836 -0.0086391379478011
475000 23.6275 0.00713697115128265 -0.0094509799999999 0.00158972155367059 0.0169830675155089 -0.3192431090634 0.0135312924747293 6.74397918373594e-05 -0.348064864796283 -0.000255120424387841 0.00543974967212335 -0.342346951061051 0.00523609949601798 -2.58128185405617 25.1115437064681 0.022693547168264
480000 23.8775 0.00713228941948475 -0.00955097999999982 0.00166925042056078 0.0168497234991495 -0.325381191457482 0.0141929093299156 -6.5904224522042e-05 -0.354202947190365 0.000406496430798539 0.00509391235219894 -0.348589942268211 0.0058425038697771 -2.56575529371256 25.0472616382891 0.0158209653374619
485000 24.1275 0.0073639189343219 -0.00965097999999993 0.00151387499644625 0.017237668292447 -0.332462952893963 0.0133843522300799 0.000322040568775536 -0.361284708626846 -0.000402060669037215 0.00560911459323191 -0.35559248947445 0.00498459275784475 -2.70102911483121 25.0079511237449 -0.0127530090318622
490000 24.3775 0.00736479571709193 -0.00975097999999986 0.00159433479739325 0.0163529079853038 -0.339690446873142 0.0137467495396451 -0.000562719738367688 -0.368512202606025 -3.96633594720384e-05 0.00490525624757473 -0.362900382767783 0.00524337639565088 -2.69088630640706 24.9420344543689 -0.0134187319956917
495000 24.6275 0.00736502262282029 -0.00985097999999985 0.00171202091393308 0.0172421358263326 -0.341479960388085 0.0141200873787701 0.000326508102661145 -0.370301716120969 0.00033367447965299 0.0057555657174896 -0.364657655628638 0.00572611241089457 -2.6761522881384 24.8801907218547 -0.0210945232196745
500000 24.8775 0.00743484702895197 -0.00995097999999996 0.00176518306363464 0.0170647574955245 -0.341549972610345 0.0130119125342966 0.000149129771852996 -0.370371728343228 -0.000774500364820493 0.00537703822047317 -0.364685113248486 0.00466999941924091 -2.72909584952433 24.8177090527879 0.0134294417747629
505000 25.1275 0.00732727592546758 -0.0100509799999998 0.00197250134361075 0.0163463290517497 -0.347073468064908 0.0142272029919567 -0.000569298671921847 -0.375895223797791 0.000440790092839628 0.00468107445171212 -0.370150780526128 0.00573847117794206 -2.65363185272605 24.7503628142278 0.0158087228787472
510000 25.3775 0.00743166015207457 -0.0101509799999999 0.00197695793048785 0.0168441281100712 -0.347295288266813 0.0142784420183942 -7.14996136003454e-05 -0.376117043999695 0.000492029119277067 0.0053327421161217 -0.370441949230621 0.00579717760011626 -2.71148426598304 24.6776710042744 0.0221711128975342
515000 25.6275 0.00762982734469356 -0.01025098 0.00186540586867997 0.0180983220339137 -0.352761102490375 0.0129168577763682 0.00118269431024217 -0.381582858223257 -0.000869555122748927 0.00654612825011259 -0.375876892970188 0.00454835694662905 -2.82237249874786 24.6230182287921 -0.011146376049006
520000 25.8775 0.00759828757049632 -0.0103509799999998 0.00194894412304356 0.01547364957678 -0.367614211296718 0.0151638273864009 -0.00144197814689155 -0.396435967029601 0.00137741448728378 0.00388973617460788 -0.390880276268755 0.00682090331651409 -2.79171557727146 24.5825548551229 -0.0241466475235716
525000 26.1275 0.00780819745136683 -0.0104509799999999 0.00180437120412143 0.0181749875069414 -0.375210693345808 0.0128492531671853 0.00125935978326989 -0.404032449078691 -0.000937159731931754 0.00656202517360502 -0.398419777021731 0.00436858049050187 -2.89471945509303 24.5335940941594 -0.0235324478586521
530000 26.3775 0.00789462807906274 -0.0105509799999999 0.00180838667775729 0.0159715187519969 -0.382068319636273 0.0136737224262408 -0.000944108971674624 -0.410890075369156 -0.000112690472876312 0.00439438421978295 -0.405214906448883 0.00524356171753031 -2.95346113380733 24.4786492620563 0.00917045862069518
535000 26.6275 0.00779536917814744 -0.0106509799999998 0.00202640107165079 0.0170434001611728 -0.38233789111689 0.0134863961422624 0.000127772437501269 -0.411159646849773 -0.00030001675685467 0.00549635152943669 -0.405538299560793 0.00524019668376374 -2.87717184152555 24.3965756102321 0.0142575695793634
540000 26.8775 0.00790924827224823 -0.0107509799999999 0.00203460993523671 0.0168989811804948 -0.381600766997433 0.0138781436414173 -1.66465431766979e-05 -0.410422522730316 9.17307423002323e-05 0.00528209756482484 -0.404891325501525 0.00556970138828929 -2.9502945833269 24.3273373797323 0.0299420293110503
545000 27.1275 0.0078767046372132 -0.0108509799999999 0.00218740722938391 0.0172244476417827 -0.38537502178208 0.0141194146415404 0.000308819918111237 -0.414196777514963 0.000333001742423272 0.00567687136224257 -0.408498047623997 0.00565369017951142 -2.92804017914371 24.2646713837089 -0.00660787452563101
550000 27.3775 0.00789532173115176 -0.0109509799999998 0.00226886860849411 0.016727175237329 -0.390519604714867 0.0143380195341138 -0.000188452486342506 -0.41934136044775 0.00055160663499665 0.00518271577664273 -0.413760946168074 0.00585464926937392 -2.92327239563223 24.1960360156359 -0.0251418674466745
555000 27.6275 0.00807565397956928 -0.0110509799999999 0.00215089873178678 0.017616147924825 -0.397594949527883 0.0131821341831345 0.000700520201153485 -0.426416705260766 -0.000604278715982631 0.00608275492940394 -0.420767573436478 0.00493197786536541 -3.02417637405959 24.1471954516096 -0.0115224558503958
560000 27.8775 0.00811383331397761 -0.0111509799999999 0.00217410887166231 0.0162185315473861 -0.41261894739802 0.0139261696209493 -0.000697096176285373 -0.441440703130903 0.000139756721832175 0.00444735114321523 -0.435845636054976 0.00571348574864143 -3.03655550391318 24.110745029323 0.00876730284402716
565000 28.1275 0.00821802702624249 -0.0112509799999999 0.00215017698957186 0.0162262105379476 -0.41570715362825 0.0136899307774312 -0.000689417185723918 -0.444528909361133 -9.64821216859429e-05 0.00463029543140728 -0.438852162028326 0.00526770042421916 -3.08399584615298 24.0310897424031 0.0112125157564901
570000 28.3775 0.00839603170626813 -0.0113509799999999 0.00206272306416567 0.0180237854566191 -0.421169083603836 0.012933254259239 0.00110815773294756 -0.449990839336719 -0.000853158639878127 0.00658264457389715 -0.444418915344269 0.0043364841383856 -3.18112212858524 23.973138600004 0.0217951581878322
575000 28.6275 0.00833943023686639 -0.0114509799999998 0.00224290234004232 0.0159645924914538 -0.422717141033307 0.0148676851144525 -0.000951035232217652 -0.45153889676619 0.0010812722153354 0.00454961973964994 -0.445972140504881 0.00659344226289096 -3.15039118056958 23.8995495118919 -0.0115903662046691
580000 28.8775 0.00831578639844811 -0.0115509799999999 0.00238644203768877 0.0177302681887126 -0.422460924690623 0.0131047352613062 0.000814640465041124 -0.451282680423506 -0.000681677637810854 0.00610254584558741 -0.445718396474347 0.00481597873310267 -3.12337897139608 23.8223580421191 -0.0208419265239723
585000 29.1275 0.00838667455198859 -0.01165098 0.00241919421414813 0.0171136413807318 -0.428052651850957 0.0147384264819274 0.000198013657060276 -0.456874407583839 0.00095201358281032 0.00540388074856474 -0.451119206287113 0.00632821733932934 -3.17412404809451 23.7670892655672 -0.00546699890277595
590000 29.3775 0.00836864720437789 -0.0117509799999998 0.00254218378995903 0.0163336174973292 -0.432084908380171 0.0135299202023124 -0.000582010226342279 -0.460906664113053 -0.000256492696804734 0.00480882346443509 -0.455326276969184 0.00503609171587802 -3.14783057497522 23.692372407294 0.00983166106028748
595000 29.6275 0.00850285404486045 -0.0118509799999999 0.0024776494404028 0.0169481999080258 -0.440590902489527 0.0134532403409265 3.25721843543341e-05 -0.46941265822241 -0.000333172558190589 0.0055424542569124 -0.463735586909043 0.00515841201126246 -3.21192837637465 23.6398446830563 0.0178938889566488
600000 29.8775 0.00866367907479579 -0.0119509799999999 0.00238427203822899 0.0172587808225867 -0.447443538546192 0.013401785944055 0.000343153098915242 -0.476265294279074 -0.000384626955062086 0.00561794433076391 -0.470679338529056 0.00511751043541061 -3.30373363998882 23.5716307393502 0.0115129349054474
605000 30.1275 0.00866106910203871 -0.0120509799999998 0.00246568861641442 0.0156569652086295 -0.460113314558913 0.0143187452922846 -0.00125866251504198 -0.488935070291796 0.00053233239316746 0.00398596142804356 -0.483279733776125 0.00591639682091639 -3.29190686020516 23.5308978646781 -0.0227908837413279
610000 30.3775 0.00880330925947736 -0.0121509799999999 0.00242316831388058 0.0180380859676617 -0.460405228717549 0.0133683049527897 0.00112245824399017 -0.489226984450432 -0.000418107946327422 0.00648864997006966 -0.483612415130552 0.00491316412224306 -3.36130443573769 23.4445783306539 -0.0188895743905164
615000 30.6275 0.00891380922735063 -0.0122509799999999 0.00242452581167358 0.0172508980197578 -0.463099279348852 0.0142628707870368 0.000335270296086337 -0.491921035081735 0.000476457887919716 0.00574240764603918 -0.486197597561257 0.00597951570420648 -3.42900191716854 23.3740137176912 -0.00344057488088415
620000 30.8775 0.00873493216042185 -0.0123509799999998 0.00272250079717479 0.0162483809934472 -0.465656470964838 0.0137320693431736 -0.000667246730224348 -0.49447822669772 -5.43435559434878e-05 0.0046303135383802 -0.488943570298465 0.00540836864003199 -3.31546059807979 23.303131211458 0.0203693754934267
625000 31.1275 0.00886107352921689 -0.0124509799999999 0.00270755814511154 0.016883632980975 -0.466512258407634 0.0140003078862651 -3.19947426964977e-05 -0.495334014140517 0.00021389498714802 0.00532442479078927 -0.489779069468266 0.00556678648620419 -3.38887382237354 23.2152546163468 0.025448843676007
630000 31.3775 0.00894290736818267 -0.0125509799999998 0.00271980794441558 0.0176294725364415 -0.475315373098581 0.0129516211151633 0.000713844812770018 -0.504137128831464 -0.000834791783953811 0.006081089971952 -0.498547554957191 0.00458349829262234 -3.42511973113798 23.1776111246623 0.00268137129331675
635000 31.6275 0.00890526188458805 -0.0126509799999999 0.00284730293890957 0.0161170758143682 -0.483524192736097 0.0144159265856865 -0.000798551909303313 -0.512345948468981 0.00062951368656943 0.00455966034228338 -0.506736467313256 0.00622886168212257 -3.39407378926147 23.1097521673096 -0.0216896540938981
640000 31.8775 0.00910655526734932 -0.0127509799999999 0.00270022384374659 0.0165514690046051 -0.492908786591808 0.0136720728066399 -0.000364158719066407 -0.521730542324691 -0.0001143400924772 0.0049513446892557 -0.516151014723205 0.00535617282450719 -3.50145911135005 23.0527828314734 -0.0187056260972425
645000 32.1275 0.00927741027785087 -0.0128509799999998 0.00261444565725373 0.0180128813432491 -0.502164753848809 0.0134994986245641 0.00109725361957761 -0.530986509581691 -0.000286914274552988 0.00642958789026183 -0.525301727271319 0.00499736035249986 -3.58632492844375 22.9968021399145 -0.00965748786015858
650000 32.3775 0.00923703466059638 -0.0129509799999999 0.00275524884663505 0.016244083921974 -0.505854583507226 0.0141690135899962 -0.000671543801697528 -0.534676339240109 0.000382600690879059 0.00477138067735581 -0.529188702562857 0.00574973614485814 -3.55362541281761 22.9165630506537 0.0203249459674762
655000 32.6275 0.00932291383814574 -0.0130509799999999 0.00276426487037666 0.0168493828455827 -0.506933387759039 0.0134885865491913 -6.62448780888205e-05 -0.535755143491922 -0.000297826349925776 0.0053852918636179 -0.530152464129515 0.00532315353083201 -3.60842023204706 22.8297082537583 0.0240269055594705
660000 32.8775 0.00935011383576121 -0.0131509799999998 0.00287675967078503 0.0176140939133565 -0.508197755739789 0.0138130119807377 0.000698466189684963 -0.537019511472672 2.65990816206137e-05 0.00590512502989242 -0.531345430968206 0.00550707167457375 -3.61567959287339 22.7588106770902 -0.00761112512565522
665000 33.1275 0.00927680681286746 -0.0132509799999999 0.00306776156112529 0.0163553390963737 -0.508786481103568 0.0138872509247518 -0.00056028862729778 -0.537608236836451 0.000100838025634749 0.00465385216721404 -0.531972472872287 0.00552290899172759 -3.57051555039406 22.6630188472586 -0.018539096308307
670000 33.3775 0.00939736390301627 -0.0133509799999999 0.00303335676621174 0.016995291634628 -0.517623817813855 0.0142322661806458 7.96639109565186e-05 -0.546445573546738 0.000445853281528753 0.00554112628642862 -0.540876197502652 0.00575475978089336 -3.63490692814711 22.6156308590438 -0.0186317537703809
675000 33.6275 0.00950965004542681 -0.0134509799999998 0.00301035431155382 0.0173262459115169 -0.525256038870094 0.0131156557705302 0.000410618187845444 -0.554077794602977 -0.000670757128586916 0.00588136847067701 -0.548429365244367 0.0048417186775671 -3.68130805638019 22.5519097210615 -0.000631871025558029
680000 33.8775 0.00954409529635386 -0.01355098 0.00304499357618301 0.0161833000175516 -0.534480576623946 0.013985298503425 -0.000732327706119893 -0.563302332356829 0.000198885604307894 0.00456113270944719 -0.557804378939015 0.00568809624330412 -3.69515146755637 22.484279573643 0.0206715143710296
685000 34.1275 0.00968995834027418 -0.0136509799999998 0.00295630351358226 0.0171171844291933 -0.548529793902655 0.0138235063569086 0.00020155670552184 -0.577351549635538 3.70934577915501e-05 0.00545454506308366 -0.571641457295921 0.00542635233697016 -3.76935964175338 22.4496404021691 0.00948604559978895
690000 34.3775 0.00977630923141885 -0.0137509799999999 0.0029897463903689 0.0172896462049632 -0.547051251455284 0.0142308383757722 0.000374018481291697 -0.575873007188166 0.000444425476655136 0.00575560312761806 -0.570278147943022 0.00576767309304274 -3.80840923997654 22.3430506721741 -0.0105067675712382
695000 34.6275 0.00980934885609106 -0.0138509799999999 0.00306038650411996 0.0167038259734181 -0.549607456157219 0.0127739871094467 -0.000211801750253418 -0.578429211890101 -0.00101242578967036 0.00526186730054807 -0.572788179842955 0.00445508857363799 -3.82119623775841 22.2543815296157 -0.0172767399388363
700000 34.8775 0.00979494526054593 -0.0139509799999998 0.00319685535688554 0.0166617418001604 -0.548950095719574 0.0143992532524865 -0.000253885923511094 -0.577771851452457 0.000612840353369384 0.00506065145468877 -0.572190747666509 0.00606216118156338 -3.82216991459574 22.1668524645844 -0.00433141742688398
705000 35.1275 0.00979003851837706 -0.0140509799999999 0.00332355086468652 0.0172398127594419 -0.551192219022103 0.0136594774129574 0.000324185035770414 -0.580013974754986 -0.000126935486159664 0.00566683619093096 -0.574383104905196 0.00524443310529621 -3.80544877271375 22.0823956833338 0.00113355095027232
710000 35.3775 0.00986228591541762 -0.01415098 0.0033493675315721 0.0162485480531064 -0.558020604647239 0.0137827733552083 -0.000667079670565078 -0.586842360380122 -3.63954390883785e-06 0.004766011699005 -0.581293384637229 0.00530831129529203 -3.84266322176309 22.0170921080248 0.0268153718730137
715000 35.6275 0.00999655197813853 -0.0142509799999998 0.00329796280777987 0.0179152369981798 -0.568391086259645 0.0136075691157124 0.000999609274508336 -0.597212841992528 -0.0001788437834047 0.00642989427369084 -0.591489551088328 0.0052852657635096 -3.90596279870904 21.9635937197089 -0.00457455239978243
720000 35.8775 0.0100197829865989 -0.0143509799999999 0.0033356289538283 0.0164232131675887 -0.579050854984023 0.0146231378876529 -0.000492414556082789 -0.607872610716905 0.000836724988535803 0.00486651890525338 -0.602238460769064 0.00623245597782243 -3.90959376842602 21.8950152936329 -0.014144441460171
725000 36.1275 0.0101893338832634 -0.0144509799999999 0.00324672123648 0.0163056127508138 -0.585773192713219 0.0128671930132508 -0.000610014972857676 -0.614594948446102 -0.0009192198858663 0.00478781987326373 -0.609025849986438 0.0043469893400772 -3.99514233458277 21.813982520896 -0.0261903866002005
730000 36.3775 0.0102910412463449 -0.0145509799999998 0.00325596829561713 0.0178479359213777 -0.589255503627494 0.0138319016892972 0.000932308197706244 -0.618077259360378 4.54887901800597e-05 0.00639252970769283 -0.612577760952309 0.00540755469449006 -4.04788406073191 21.7370638912584 0.00557923858509578
735000 36.6275 0.0102354958067547 -0.01465098 0.00341358754570936 0.0167484196907049 -0.589014889119454 0.0138452815811798 -0.000167208032966561 -0.617836644852337 5.88686820627204e-05 0.00521183396137321 -0.612167152546476 0.00562547749802109 -4.0127787641731 21.6267344514387 0.0127148449176972
740000 36.8775 0.0102554589499947 -0.0147509799999999 0.00351390137445484 0.0158782720842045 -0.593221251600047 0.0140254081495689 -0.001037355639467 -0.62204300733293 0.000238995250451819 0.00422459106770494 -0.616330126369703 0.00559683673688191 -4.02568683718081 21.5498192295357 0.0284381139488368
745000 37.1275 0.0103659478611016 -0.0148509799999999 0.00354740177463257 0.0184842949469513 -0.58963632127275 0.0135099701652015 0.00156866722327979 -0.618458077005633 -0.000276442733915618 0.00690868622293009 -0.6127991870244 0.00497541527198869 -4.07926373498605 21.440987793544 -0.00146653927743717
750000 37.3775 0.0103351988833579 -0.01495098 0.0036558848157648 0.016567917402252 -0.600476794232844 0.0140854191993212 -0.000347710321419469 -0.629298549965727 0.000299006300204098 0.00516729358701551 -0.623816908458677 0.00568172495800479 -4.04949764337371 21.3845581033955 -0.0218804730744975
755000 37.6275 0.0103916390645496 -0.0150509799999998 0.00367083847624979 0.0153779636229674 -0.61143355760833 0.0138947763242078 -0.00153766410070413 -0.640255313341213 0.000108363425090661 0.00388121598246316 -0.63462967851407 0.0056797064304636 -4.08094688399156 21.321816527901 -0.0195410525380415
760000 37.8775 0.0106082136106082 -0.0151509799999999 0.00353803800659832 0.0184653255177506 -0.62188787584468 0.0132738733241032 0.00154969779407909 -0.650709631577564 -0.000512539575013944 0.00681996132183885 -0.644982879324057 0.00488797449311678 -4.18235872597566 21.269779177713 -0.00309021262001123
765000 38.1275 0.0106572573681866 -0.0152509799999999 0.00355922676365736 0.0167216930035338 -0.630070179816989 0.0135534813838245 -0.000193934720137725 -0.658891935549871 -0.000232931515292633 0.005124754609176 -0.653305071168213 0.00505294679039647 -4.19932537054229 21.184616602802 0.0235703703424078
770000 38.3775 0.0106695569814867 -0.0153509799999998 0.00366142776696866 0.0158790586702921 -0.634985587411224 0.0150089803086423 -0.00103656905337941 -0.663807343144107 0.00122256740952519 0.00446702600760546 -0.658217948983665 0.00656210622914525 -4.20839200345555 21.1105498578439 0.00820257951653661
775000 38.6275 0.0108200372579116 -0.0154509799999999 0.00363688795875693 0.0187429672763835 -0.628544296950638 0.0129454926168937 0.001827339552712 -0.657366052683521 -0.000840920282223384 0.00732719201593327 -0.65177037336458 0.00466643441612125 -4.28434838200687 20.963906983686 0.00443290934803881
780000 38.8775 0.0107582767610087 -0.0155509799999999 0.0038012191533125 0.0161308565326867 -0.62948051446188 0.0136718438072331 -0.000784771190984783 -0.658302270194763 -0.000114569091884006 0.00448271589759309 -0.652759548195182 0.00529272007225156 -4.25232775374687 20.837298884269 -0.0224537531316229
785000 39.1275 0.0106996246002635 -0.0156509799999998 0.00397281185193587 0.0153831591169743 -0.63806020914363 0.0142098271880409 -0.0015324686066972 -0.666881964876513 0.000423414288923756 0.00377058450326371 -0.661272858186148 0.00584948892192022 -4.21790541328171 20.7987213534774 -0.011679094481186
790000 39.3775 0.0109084420418281 -0.0157509799999999 0.00388872082357831 0.0184628523842151 -0.637299957681873 0.0135277755939545 0.00154722466054363 -0.666121713414756 -0.000258637305162609 0.00702368714182281 -0.660520464512089 0.00501600652719768 -4.31886452576221 20.6759041872863 0.016967906920438
795000 39.6275 0.010993740223604 -0.0158509799999999 0.00386921338747999 0.0173849340566478 -0.653366504343604 0.0139034666261902 0.000469306332976331 -0.682188260076486 0.000117053727073118 0.00587692400470264 -0.676596175538341 0.00563664356021986 -4.35262969190732 20.6332186684895 0.0222729250240701
800000 39.8775 0.0109616587941087 -0.0159509799999999 0.00396516757260332 0.0155344833985896 -0.665477751369264 0.014278200285718 -0.0013811443250819 -0.694299507102146 0.000491787386600935 0.00404015735806323 -0.688811414561865 0.00595006157469683 -4.33295719349996 20.5786370021097 -0.00443627727261144
805000 40.1275 0.0112114651958589 -0.01605098 0.00379512661283711 0.0174707979794578 -0.671169191786221 0.0129621480608594 0.000555170255786311 -0.699990947519104 -0.000824264838257694 0.00595026138959278 -0.69450461460233 0.0045794032766225 -4.45439066453058 20.4866054225323 -0.00567391236843794
810000 40.3775 0.0112066650249748 -0.0161509799999998 0.00391302862435782 0.017236845093655 -0.67508726992175 0.0139772505395912 0.000321217369983499 -0.703909025654634 0.000190837640474139 0.00574727221672479 -0.698321067580032 0.00557063613738716 -4.44657206867286 20.384575937055 -0.0322288099297335
815000 40.6275 0.0111890597363493 -0.0162509799999999 0.00405338721008095 0.0163746903141585 -0.678260866263659 0.0139154684104366 -0.000540937409512955 -0.707082621996542 0.000129055511319458 0.00479408740214808 -0.701357333488194 0.0056406816279506 -4.43901608733952 20.293288913114 0.00734873364523214
820000 40.8775 0.0112944292862725 -0.0163509799999999 0.00406403515046888 0.0175674500229845 -0.674415651289896 0.0138163172351076 0.000651822299312968 -0.703237407022778 2.9904335990484e-05 0.00607568951606327 -0.697718588914637 0.00541085687799037 -4.49165573528449 20.1455066512571 0.0138839501845975
825000 41.1275 0.0112701996928501 -0.0164509799999998 0.00421148357984216 0.0164847331843963 -0.678695752346228 0.0138213223267436 -0.000430894539275241 -0.707517508079111 3.4909427626533e-05 0.00499584690941695 -0.702011513105638 0.00534426936961094 -4.46968717836758 20.0541675947929 0.0254130321886791
830000 41.3775 0.0113157889132852 -0.0165509799999999 0.00425873716651576 0.0166421364147441 -0.685270869839898 0.0133360179388557 -0.000273491308927361 -0.714092625572781 -0.000450394960261364 0.00511197885728993 -0.708483432688387 0.00495625544460435 -4.49510531305506 19.9616764060486 -0.00419100092288092
835000 41.6275 0.0114887002355771 -0.0166509799999999 0.0041651944957867 0.0172758369807717 -0.685415698194408 0.0140039772237028 0.00036020925710016 -0.714237453927291 0.000217564324585677 0.0057066243019922 -0.708650987810565 0.00581383329979739 -4.58550542843286 19.8091500808987 -0.0239552571731943
840000 41.8775 0.0115081341616114 -0.0167509799999998 0.00423007977194531 0.0167325588720957 -0.705538337990225 0.0140923539756575 -0.000183068851575845 -0.734360093723108 0.000305941076540385 0.0051805108513233 -0.728799368864042 0.00566677612171013 -4.57453414726788 19.8083764667563 -0.0184483835603063
845000 42.1275 0.0116556853147464 -0.0168509799999999 0.00416282491129373 0.016741134261326 -0.711121101720737 0.0140512033143913 -0.00017449346234547 -0.73994285745362 0.000264790415274206 0.00530490458293994 -0.734468709398743 0.00554470193844821 -4.65291073690723 19.7032925157288 0.00418147382617429
850000 42.3775 0.0117679204252869 -0.0169509799999999 0.00413400929179537 0.0179617653342525 -0.72323241586477 0.0125349412352565 0.00104613761058098 -0.752054171597653 -0.00125147166386056 0.00657039118207134 -0.746533434741968 0.00418879841589767 -4.69443968967343 19.6402097034346 0.0206850370290044
855000 42.6275 0.0116157219563935 -0.0170509799999999 0.00442507914147591 0.0150663640155991 -0.719011204704071 0.0146741942058246 -0.00184926370807237 -0.747832960436953 0.000887781306707493 0.00350298643452739 -0.742206671524693 0.0064451332785149 -4.6234940396708 19.4847506014035 0.0130103912299896
860000 42.8775 0.0117776909745449 -0.01715098 0.00440197978251977 0.0180992260415619 -0.710362842607177 0.0136283552125466 0.00118359831789043 -0.739184598340059 -0.0001580576865705 0.0065677830485182 -0.733595967700812 0.005218465302043 -4.71002353210691 19.308970513574 -0.00753884759174838
865000 43.1275 0.0118274777879023 -0.0172509799999999 0.00446155472472716 0.0174254343293861 -0.716812661790316 0.0136557330495559 0.000509806605714572 -0.745634417523199 -0.000130679849561213 0.00591207472323435 -0.740133454888059 0.00520096807532743 -4.72663423237689 19.1966310802692 -0.017526904518762
870000 43.3775 0.0117502653061515 -0.0173509799999999 0.00462892264443077 0.0160468591880393 -0.730595616185681 0.0144979578264539 -0.000868768535632214 -0.759417371918564 0.000711544927336828 0.00463966513961424 -0.753857397433302 0.0061964834968719 -4.67491557278316 19.1575818303674 -0.0164532785037147
875000 43.6275 0.0119848633019207 -0.01745098 0.00446286124323274 0.0164625725340383 -0.73240404868408 0.0132112990825415 -0.000453055189633227 -0.761225804416962 -0.000575113816575597 0.00501329837980572 -0.755764372590355 0.00496407124456502 -4.80313888043586 18.9988735417496 0.0258206290829593
880000 43.8775 0.0121331012955623 -0.0175509799999998 0.00441342652515311 0.0181074637535651 -0.741977624196801 0.01280723957503 0.00119183602989364 -0.770799379929684 -0.000979173324087076 0.00650892005059815 -0.765372817733603 0.00453348237877762 -4.86152262398049 18.9048223282113 0.00453054440505428
885000 44.1275 0.0120387263711997 -0.0176509799999999 0.0045875208858903 0.0162219103355397 -0.75752832028263 0.0158023660316925 -0.0006937173881318 -0.786350076015512 0.00201595313257542 0.00465038512079582 -0.780777277133832 0.00740542554506537 -4.80896686664911 18.861553532053 0.00485460392764411
890000 44.3775 0.0122181067755796 -0.0177509799999999 0.00450889798015832 0.0167063945246453 -0.757601926450153 0.0132266687192025 -0.000209233199026248 -0.786423682183036 -0.000559744179914548 0.0052692638843878 -0.780789623048034 0.00479045577554163 -4.90188614086049 18.7005769486062 -0.00953127060309236
895000 44.6275 0.012295058117583 -0.0178509799999998 0.00455861688148924 0.017991345464204 -0.762019597847167 0.0122376630767675 0.00107571774053255 -0.79084135358005 -0.00154874982234957 0.00652992788107061 -0.785442012189125 0.00407441043508842 -4.92308163162565 18.5884202117868 -0.0228969048125291
900000 44.8775 0.0121493951432924 -0.0179509799999999 0.00482439327041906 0.0158862315111811 -0.760732270530465 0.0149590096399558 -0.00102939621249037 -0.789554026263347 0.00117259674083873 0.00433734709239443 -0.784120295514445 0.00669146095506855 -4.85860244778177 18.4198202088165 0.011564351622341
905000 45.1275 0.0122502023129696 -0.0180509799999999 0.00484854587994849 0.0164105931511721 -0.752928026752754 0.0140871069891244 -0.000505034572499436 -0.781749782485637 0.000300694090007264 0.00480883618018069 -0.776070741361872 0.00562372712925714 -4.91949578031612 18.1813474530626 0.0169541495220029
910000 45.3775 0.0124207601189441 -0.0181509799999998 0.00479402153389642 0.0185550101415193 -0.76531843349772 0.0130171170761162 0.00163938241784776 -0.794140189230603 -0.00076929582300089 0.00717597701472153 -0.78856250634726 0.00460810051535806 -4.98087466193584 18.1421598629509 0.0115672286048237
915000 45.6275 0.0124685884470583 -0.01825098 0.00479989346307997 0.0163791232973099 -0.771195435394907 0.0145244388737375 -0.000536504426361636 -0.800017191127789 0.000738025974620392 0.00497487273784112 -0.794517424003079 0.00620688333076632 -5.01423790974289 17.9692843085109 -0.00830593184877725
920000 45.8775 0.0125145895537939 -0.0183509799999999 0.00481306825559382 0.015558628912446 -0.781771822550357 0.013545958113695 -0.00135699881122552 -0.81059357828324 -0.000240454785422117 0.00402390227544016 -0.805086739741049 0.00518173985157928 -5.03254524670981 17.8392985258124 -0.0234501650394531
925000 46.1275 0.0126759302754602 -0.0184509799999999 0.00477464833186202 0.0178124725115751 -0.796763639077832 0.0131977262440777 0.000896844787903636 -0.825585394810715 -0.000588686655039428 0.00632801606935942 -0.820049781861646 0.0047413622630639 -5.09086556874238 17.7979500854989 -0.0144729506517417
930000 46.3775 0.0127643487088236 -0.01855098 0.00479023420397627 0.017476801613529 -0.794038326016695 0.0138662331136201 0.000561173889857555 -0.822860081749578 7.98202145030394e-05 0.00601061148028855 -0.817301589478484 0.00553159583965917 -5.14642963028408 17.575520372629 0.0167244742256682
935000 46.6275 0.0126297450748881 -0.0186509799999998 0.00504849147080807 0.0162274227740255 -0.796674991730296 0.014886141983813 -0.000688204949646024 -0.825496747463178 0.00109972908469593 0.00466804028728942 -0.819944975456808 0.0066046719843707 -5.07446830404463 17.4404891879752 0.0253585442625691
940000 46.8775 0.0127387853757697 -0.0187509799999999 0.00505417043981191 0.0169869412279701 -0.807312218897946 0.0126977804225546 7.13135042986414e-05 -0.836133974630829 -0.00108863247656249 0.00545858660047185 -0.830567977091111 0.00428288318216572 -5.1093692993712 17.3435870698538 0.00386962559986109
945000 47.1275 0.0128458641365471 -0.01885098 0.0050767414071966 0.0171192807018435 -0.792738780197378 0.0135815990978331 0.000203652978172042 -0.821560535930261 -0.000204813801284002 0.0056478508232108 -0.816041168118167 0.00510626756957485 -5.18498014700299 16.9493021779599 -0.0126918901713563
950000 47.3775 0.0127883159148199 -0.0189509799999998 0.00523686977627192 0.0166148556441961 -0.802705049414956 0.0145808261357009 -0.000300772079475388 -0.831526805147839 0.000794413236583794 0.00517408150834262 -0.825937580063627 0.0062734302089643 -5.14410420879634 16.8278460360744 -0.0212608541888525
955000 47.6275 0.012976301820628 -0.0190509799999999 0.00512702494990527 0.0171944853193521 -0.801454206027316 0.0139796498175181 0.000278857595680641 -0.830275961760199 0.000193236918401046 0.00561496982397677 -0.82471087737188 0.00574477024316641 -5.23964756048458 16.4067156122122 -0.00840036993398074
960000 47.8775 0.0131822553130743 -0.0191509799999999 0.00498339713949365 0.016785253378282 -0.811817724633924 0.012951671691015 -0.000130374345389468 -0.840639480366808 -0.000834741208102089 0.00525148792460248 -0.83508912260683 0.00454345674109715 -5.3442548620742 16.2733389491468 0.0196373297886257
965000 48.1275 0.0131170392886621 -0.0192509799999998 0.00516878424109706 0.0166829265681419 -0.816044299547704 0.0141966916502953 -0.000232701155529614 -0.844866055280588 0.000410278751178167 0.00525873744996952 -0.839403769587884 0.00573182597125624 -5.30031926388034 16.0526610827895 0.00962935590497935
970000 48.3775 0.0132426477311563 -0.0193509799999999 0.00514491516746044 0.0171383255186857 -0.818346354122679 0.013250011318055 0.000222697795014193 -0.847168109855562 -0.000536401581062091 0.00566217864289004 -0.84158383376875 0.00500582852269631 -5.36203168012975 15.6546660828235 -0.00450883419808089
975000 48.6275 0.0132766340607052 -0.0194509799999999 0.0052350838472743 0.0169668565477886 -0.830389928548028 0.0145603135286969 5.12288241170801e-05 -0.859211684280911 0.000773900629579823 0.00536694849373306 -0.853671847571328 0.00629644219261425 -5.37628237732347 15.5732397997253 -0.0234144109660837
980000 48.8775 0.0131993090687922 -0.0195509799999999 0.00545822204811041 0.0168854507968701 -0.826072149402278 0.0133764075433131 -3.01769268014201e-05 -0.854893905135162 -0.000410005355803957 0.00535796494557458 -0.849366298808657 0.00496302663892676 -5.32423741784784 15.2203295504005 -0.00710087800624632
985000 49.1275 0.0133266003799758 -0.01965098 0.0053988767741969 0.0167169282191622 -0.84360474674676 0.0136233000911035 -0.000198699504509283 -0.872426502479643 -0.000163112808013628 0.00527811130273948 -0.866910686358212 0.00515017311989862 -5.38155755334608 15.1438051963818 0.00477127309219893
990000 49.3775 0.0133971152740421 -0.0197509799999999 0.00545039931193025 0.0168151005762756 -0.846517455320497 0.014231380525015 -0.000100527147395941 -0.875339211053379 0.000444967625897889 0.0053075498947138 -0.869749406236071 0.00595042782700298 -5.41761833938957 14.5252850010655 0.0184507993259253
995000 49.6275 0.0134455358752414 -0.0198509799999999 0.00547907134675438 0.0173147797804872 -0.868317087681724 0.0135549822612268 0.000399152056815686 -0.897138843414606 -0.000231430637890285 0.00573965304851103 -0.89162480127237 0.00535617402416945 -5.41932490362078 14.0246676602501 -0.00677200090479994
1000000 49.8775 0.0136630683910868 -0.01995098 0.00530365440569909 0.016919152102055 -0.889966831997809 0.0139257702307792 3.52437838349363e-06 -0.918788587730692 0.000139357331662079 0.00542303416526273 -0.913413339190026 0.0056134004703912 -5.51779562050722 13.7274553187252 0.00172858711211938
1000000 49.8775 0.0136630683910868 -0.01995098 0.00530365440569909 0.016919152102055 -0.889966831997809 0.0139257702307792 3.52437838349363e-06 -0.918788587730692 0.000139357331662079 0.00542303416526273 -0.913413339190026 0.0056134004703912 -5.51779562050722 13.7274553187252 0.00172858711211938
