TimeStep	simtime	s1	s2	s3	p1	p2	p3	Px	Py	Pz
20000	0.505	8.41E-05	-0.00020198	-5.89E-06	-0.001376098	-0.02939073	-0.003358436	-17.57586337	-10.91855659	-13.68460473
40000	1.505	0.000270096	-0.00060198	0.000142662	-0.001370102	-0.052065699	-0.003431226	-17.59572942	-11.04494157	-13.68897855
60000	2.505	0.00042756	-0.00100198	0.000344106	-0.001497999	-0.070311705	-0.0027356	-17.62645277	-11.05019927	-13.69520749
80000	3.505	0.000604486	-0.00140198	0.000503055	-0.001373652	-0.091538717	-0.003146667	-17.64546339	-11.08275261	-13.69452578
100000	4.505	0.000804734	-0.00180198	0.000655219	-0.001325889	-0.114403445	-0.003330783	-17.67419264	-11.10388984	-13.70520375
120000	5.505	0.000980564	-0.00220198	0.000813394	-0.000827569	-0.137040467	-0.003494969	-17.69584683	-11.22666192	-13.70255451
140000	6.505	0.001137244	-0.00260198	0.001006088	-0.001787168	-0.162250791	-0.002917052	-17.72082257	-11.26429268	-13.70767133
160000	7.505	0.001320857	-0.00300198	0.001163538	-0.001271199	-0.186328735	-0.003366931	-17.74096095	-11.27853705	-13.71143172
180000	8.505	0.001497702	-0.00340198	0.001340056	-0.00129605	-0.214721487	-0.002875329	-17.76515221	-11.22339667	-13.71830356
200000	9.505	0.001667247	-0.00380198	0.001509508	-0.001505154	-0.241763068	-0.003156615	-17.79007038	-11.22416377	-13.72414326
220000	10.505	0.001843316	-0.00420198	0.001690439	-0.001103533	-0.267963067	-0.003200956	-17.81416404	-11.26082593	-13.72616855
240000	11.505	0.0020039	-0.00460198	0.001873416	-0.001288401	-0.296430333	-0.00304333	-17.83880865	-11.27795986	-13.73323165
260000	12.505	0.002186724	-0.00500198	0.002045502	-0.001675383	-0.323215117	-0.003234459	-17.86359588	-11.3017947	-13.73878482
280000	13.505	0.002367454	-0.00540198	0.002210563	-0.001104891	-0.354724273	-0.002918398	-17.88088015	-11.38939772	-13.74430183
300000	14.505	0.002552442	-0.00580198	0.002374061	-0.00166899	-0.390259122	-0.003124047	-17.91132312	-11.58175042	-13.74625287
320000	15.505	0.002721873	-0.00620198	0.002558593	-0.001082806	-0.422010382	-0.003508146	-17.93606198	-11.50055771	-13.75117513
340000	16.505	0.002868088	-0.00660198	0.002760336	-0.001196259	-0.461530566	-0.003167928	-17.9543885	-11.28135081	-13.75653334
360000	17.505	0.003038648	-0.00700198	0.0029406	-0.001604808	-0.490634172	-0.003177855	-17.97564584	-11.30243802	-13.76042545
380000	18.505	0.003220119	-0.00740198	0.003121849	-0.000961934	-0.520153428	-0.003690465	-18.00476924	-11.32867231	-13.76768761
400000	19.505	0.003386266	-0.00780198	0.003316595	-0.001225727	-0.54884639	-0.003300864	-18.02455442	-11.32738119	-13.77044135
420000	20.505	0.003554631	-0.00820198	0.003506838	-0.001514399	-0.581364106	-0.003106136	-18.04774978	-11.37833816	-13.77671458
440000	21.505	0.003733218	-0.00860198	0.003691413	-0.00108766	-0.612340604	-0.003235403	-18.06865105	-11.13138241	-13.78245999
460000	22.505	0.003837379	-0.00900198	0.00392737	-0.001596892	-0.668176958	-0.003124898	-18.07329942	-10.36894177	-13.78513842
480000	23.505	0.004018762	-0.00940198	0.004112658	-0.001334631	-0.701974959	-0.00338319	-18.09305281	-10.15381243	-13.79082433
500000	24.505	0.004185572	-0.00980198	0.004303823	-0.001273619	-0.738829365	-0.003090998	-18.12370179	-9.834497686	-13.79101831
520000	25.505	0.004346419	-0.01020198	0.00450688	-0.001474616	-0.781920817	-0.002786136	-18.14307648	-9.568558331	-13.80009984
540000	26.505	0.004535817	-0.01060198	0.004668524	-0.000921334	-0.826235329	-0.003468765	-18.16195295	-8.866674026	-13.80892929
560000	27.505	0.004701488	-0.01100198	0.004833782	-0.001406914	-0.91594391	-0.0032822	-18.17482292	-7.16449044	-13.8106574
580000	28.505	0.004856017	-0.01140198	0.00498764	-0.001782372	-1.009881232	-0.003190888	-18.16530299	-5.446354195	-13.80580215
600000	29.505	0.005047302	-0.01180198	0.005163854	-0.00134802	-1.068084638	-0.003148892	-18.1826662	-5.153459988	-13.8115149
620000	30.505	0.005216678	-0.01220198	0.005356183	-0.001195092	-1.099332731	-0.003596827	-18.20470152	-5.458213301	-13.81074465
640000	31.505	0.005418383	-0.01260198	0.005547805	-0.001245091	-1.130027174	-0.003164661	-18.2326741	-5.763246077	-13.81870838
660000	32.505	0.005585501	-0.01300198	0.005750091	-0.001310122	-1.158854825	-0.003393165	-18.25761529	-6.112057356	-13.82586111
680000	33.505	0.00579081	-0.01340198	0.005934952	-0.001311262	-1.190619524	-0.00288957	-18.28430459	-6.448292076	-13.82735864
700000	34.505	0.005974464	-0.01380198	0.006128126	-0.00145422	-1.219029562	-0.003355066	-18.3118834	-6.838025851	-13.83341011
720000	35.505	0.00616363	-0.01420198	0.006326442	-0.001044042	-1.253196865	-0.003590061	-18.33149102	-7.204951865	-13.84152246
740000	36.505	0.006347413	-0.01460198	0.006529112	-0.001246875	-1.279394011	-0.003271239	-18.36157421	-7.675152278	-13.84434081
760000	37.505	0.006550218	-0.01500198	0.006714983	-0.000984498	-1.315067114	-0.003436689	-18.38817773	-8.093873016	-13.85082952
780000	38.505	0.006735528	-0.01540198	0.006920719	-0.001474403	-1.339292825	-0.003082115	-18.41170184	-8.695399385	-13.8550932
800000	39.505	0.006933793	-0.01580198	0.00711389	-0.001192908	-1.377876905	-0.002998669	-18.43616128	-9.232403335	-13.86663163
820000	40.505	0.007100656	-0.01620198	0.007336454	-0.001624287	-1.404613879	-0.003065035	-18.45727514	-10.04143884	-13.86452066
840000	41.505	0.00730458	-0.01660198	0.007524617	-0.001318348	-1.444456208	-0.003233679	-18.48088549	-10.883648	-13.87592759
860000	42.505	0.007492178	-0.01700198	0.007717469	-0.001433215	-1.490450416	-0.003429175	-18.49643778	-12.24489958	-13.87467108
880000	43.505	0.00767246	-0.01740198	0.007905929	-0.001285042	-1.561467328	-0.003264244	-18.51068085	-12.13414927	-13.88112249
900000	44.505	0.007858768	-0.01780198	0.008086054	-0.001398696	-1.631616446	-0.003263342	-18.52471921	-12.65045756	-13.88324305
920000	45.505	0.008029408	-0.01820198	0.008283365	-0.001314906	-1.710459474	-0.003199373	-18.53600458	-12.76656359	-13.8892075
940000	46.505	0.008217904	-0.01860198	0.008459982	-0.001166082	-1.790259429	-0.00350615	-18.55187782	-12.68227469	-13.89189932
960000	47.505	0.008390256	-0.01900198	0.008660395	-0.001230914	-1.868049877	-0.00285765	-18.56034594	-12.81594853	-13.89665914
980000	48.505	0.008571783	-0.01940198	0.008839101	-0.001451608	-1.94951949	-0.003509799	-18.57546394	-12.7578998	-13.90019132
1000000	49.505	0.008748365	-0.01980198	0.00903389	-0.00123254	-2.028965057	-0.003294192	-18.58857202	-12.85528037	-13.90523411
